0 1 8.071317 0.000000
1 1 7.288971 0.000000
1 2 13.135722 0.000000
1 3 14.949810 0.000000
1 4 24.621127 0.100000
1 5 32.892444 0.089443
1 6 41.875721 0.254127
2 3 14.931218 0.000000
2 4 2.424916 0.000000
2 5 11.231233 0.020000
2 6 17.592095 0.000053
2 7 26.073126 0.007559
2 8 31.609681 0.000089
2 9 40.935826 0.046816
2 10 49.197143 0.092848
3 4 25.323189 0.212132
3 5 11.678886 0.050000
3 6 14.086879 0.000001
3 7 14.907105 0.000004
3 8 20.945804 0.000047
3 9 24.954902 0.000186
3 10 33.052624 0.012721
3 11 40.728254 0.000615
3 12 49.009571 0.030006
3 13 56.980888 0.070003
4 6 18.375033 0.005448
4 7 15.768999 0.000071
4 8 4.941671 0.000035
4 9 11.348453 0.000077
4 10 12.607488 0.000081
4 11 20.177167 0.000238
4 12 25.077760 0.001909
4 13 33.659077 0.010180
4 14 39.954498 0.132245
4 15 49.825815 0.165797
4 16 57.447132 0.165797
5 7 27.676550 0.025150
5 8 22.921567 0.001000
5 9 12.416488 0.000903
5 10 12.050609 0.000015
5 11 8.667707 0.000012
5 12 13.369397 0.001321
5 13 16.561947 0.001000
5 14 23.663685 0.021213
5 15 28.958242 0.021032
5 16 37.112510 0.024569
5 17 43.716317 0.204104
5 18 51.792634 0.204165
5 19 59.770244 0.525363
6 8 35.064268 0.018243
6 9 28.910972 0.002137
6 10 15.698672 0.000070
6 11 10.649396 0.000060
6 12 0.000000 0.000000
6 13 3.125009 0.000000
6 14 3.019893 0.000004
6 15 9.873144 0.000800
6 16 13.694132 0.003578
6 17 21.031898 0.017365
6 18 24.919264 0.030000
6 19 32.413752 0.098389
6 20 37.503563 0.230625
6 22 53.611197 0.231490
7 10 38.800026 0.400000
7 11 24.303559 0.046154
7 12 17.338068 0.001000
7 13 5.345481 0.000270
7 14 2.863417 0.000000
7 15 0.101439 0.000001
7 16 5.683907 0.002301
7 17 7.870079 0.015000
7 18 13.113168 0.018570
7 19 15.856282 0.016404
7 20 21.766496 0.078894
7 21 25.231913 0.134048
7 22 31.764801 0.207779
7 23 36.720425 0.420570
8 12 31.914613 0.024000
8 13 23.115432 0.009526
8 14 8.007781 0.000025
8 15 2.855605 0.000491
8 16 -4.737001 0.000000
8 17 -0.808763 0.000001
8 18 -0.782816 0.000001
8 19 3.332858 0.002637
8 20 3.796172 0.000885
8 21 8.062035 0.012000
8 22 9.283033 0.056921
8 23 14.621369 0.121712
8 24 18.500402 0.164874
8 25 27.329027 0.165084
8 26 34.661037 0.164950
9 14 31.964402 0.041119
9 15 16.566751 0.014000
9 16 10.680253 0.008321
9 17 1.951702 0.000248
9 18 0.873113 0.000463
9 19 -1.487444 0.000001
9 20 -0.017463 0.000030
9 21 -0.047605 0.001800
9 22 2.793373 0.012399
9 23 3.285263 0.033320
9 24 7.544515 0.097670
9 25 11.334166 0.096442
9 26 18.648875 0.111199
9 27 25.450279 0.389830
9 28 33.741596 0.393024
9 29 40.150186 0.525363
10 15 40.215373 0.066684
10 16 23.986776 0.020480
10 17 16.500447 0.000354
10 18 5.317614 0.000363
10 19 1.752050 0.000160
10 20 -7.041931 0.000002
10 21 -5.731776 0.000038
10 22 -8.024719 0.000018
10 23 -5.154049 0.000104
10 24 -5.951646 0.000513
10 25 -2.035502 0.029045
10 26 0.481114 0.018429
10 27 7.050909 0.090770
10 28 11.299737 0.126068
10 29 18.399801 0.149505
10 30 23.280117 0.253250
10 31 31.181591 0.266195
11 17 35.173214 1.001356
11 18 25.037988 0.093881
11 19 12.929390 0.010535
11 20 6.850604 0.001114
11 21 -2.184631 0.000098
11 22 -5.181511 0.000171
11 23 -9.529852 0.000002
11 24 -8.417901 0.000017
11 25 -9.357813 0.001200
11 26 -6.860780 0.003502
11 27 -5.517790 0.003726
11 28 -0.988315 0.010246
11 29 2.679994 0.007337
11 30 8.474670 0.004727
11 31 12.246031 0.013972
11 32 18.640151 0.037260
11 33 23.780110 0.449912
11 34 31.680111 0.599416
12 19 31.828389 0.050001
12 20 17.477692 0.001863
12 21 10.903850 0.000755
12 22 -0.399933 0.000313
12 23 -5.473513 0.000158
12 24 -13.933569 0.000013
12 25 -13.192783 0.000047
12 26 -16.214542 0.000030
12 27 -14.586611 0.000050
12 28 -15.018845 0.002001
12 29 -10.602829 0.011400
12 30 -8.883820 0.003447
12 31 -3.122151 0.003074
12 32 -0.828900 0.003260
12 33 4.962297 0.002888
12 34 8.323348 0.028876
12 35 15.639784 0.269668
12 36 20.380157 0.690237
12 37 28.211474 0.698947
13 23 6.748070 0.000345
13 24 -0.048865 0.000233
13 25 -8.915975 0.000065
13 26 -12.210151 0.000067
13 27 -17.196861 0.000047
13 28 -16.850645 0.000077
13 29 -18.207760 0.000345
13 30 -15.864844 0.002888
13 31 -14.950706 0.002236
13 32 -11.099367 0.007173
13 33 -8.497380 0.006986
13 34 -3.000289 0.003074
13 35 -0.223728 0.007359
13 36 5.950384 0.149505
13 37 9.809563 0.180244
13 38 16.209859 0.374461
14 24 10.745195 0.019472
14 25 3.827324 0.010000
14 26 -7.141015 0.000108
14 27 -12.384503 0.000107
14 28 -21.492794 0.000000
14 29 -21.895078 0.000001
14 30 -24.432960 0.000022
14 31 -22.949036 0.000043
14 32 -24.077686 0.000298
14 33 -20.514325 0.000699
14 34 -19.956852 0.014118
14 35 -14.391457 0.035857
14 36 -12.436124 0.071797
14 37 -6.571511 0.113809
14 38 -4.170299 0.104793
14 39 2.320352 0.135532
14 40 5.429679 0.345119
14 41 12.119668 0.554705
15 27 -0.722458 0.026340
15 28 -7.147740 0.001152
15 29 -16.952848 0.000359
15 30 -20.200854 0.000065
15 31 -24.440541 0.000001
15 32 -24.304874 0.000040
15 33 -26.337346 0.001090
15 34 -24.548698 0.000810
15 35 -24.857799 0.001866
15 36 -20.251034 0.013114
15 37 -18.995998 0.037948
15 38 -14.621563 0.072581
15 39 -12.774634 0.112645
15 40 -8.114370 0.153582
15 41 -4.979767 0.120163
15 42 1.009740 0.314379
15 43 4.679826 0.554705
16 28 4.073206 0.160000
16 29 -3.156416 0.050000
16 30 -14.059253 0.000206
16 31 -19.042525 0.000229
16 32 -26.015534 0.000001
16 33 -26.585854 0.000001
16 34 -29.931685 0.000045
16 35 -28.846206 0.000040
16 36 -30.664131 0.000188
16 37 -26.896417 0.000198
16 38 -26.861203 0.007172
16 39 -23.162667 0.050000
16 40 -22.837846 0.003982
16 41 -19.008577 0.004099
16 42 -17.637746 0.002794
16 43 -12.195459 0.004970
16 44 -9.204233 0.005216
16 45 -3.989589 1.035356
17 29 13.162176 0.188680
17 31 -7.034551 0.003447
17 32 -13.334674 0.000562
17 33 -21.003337 0.000391
17 34 -24.440082 0.000049
17 35 -29.013528 0.000035
17 36 -29.522005 0.000036
17 37 -31.761538 0.000052
17 38 -29.798103 0.000098
17 39 -29.800205 0.001732
17 40 -27.557813 0.032066
17 41 -27.307189 0.068723
17 42 -24.831767 0.059616
17 43 -24.159508 0.061858
17 44 -20.384523 0.136321
17 45 -18.262543 0.136163
17 46 -13.859398 0.208661
18 30 20.931147 0.206155
18 32 -2.200351 0.001770
18 33 -9.384292 0.000401
18 34 -18.378290 0.000078
18 35 -23.047284 0.000680
18 36 -30.231540 0.000027
18 37 -30.947664 0.000207
18 38 -34.714821 0.000195
18 39 -33.242190 0.005000
18 40 -35.039895 0.000002
18 41 -33.067505 0.000347
18 42 -34.422675 0.005775
18 43 -32.009808 0.005310
18 44 -32.673255 0.001584
18 45 -29.770796 0.000512
18 46 -29.772926 0.001118
18 47 -25.366338 0.001118
18 48 -22.281337 0.307393
19 35 -11.172891 0.000512
19 36 -17.417065 0.000341
19 37 -24.800199 0.000094
19 38 -28.800755 0.000195
19 39 -33.807190 0.000005
19 40 -33.535492 0.000056
19 41 -35.559543 0.000004
19 42 -35.022026 0.000106
19 43 -36.575389 0.000410
19 44 -35.781492 0.000419
19 45 -36.615638 0.000522
19 46 -35.413924 0.000727
19 47 -35.711976 0.001397
19 48 -32.284477 0.000773
19 49 -29.611490 0.000801
19 50 -25.727848 0.007731
19 51 -22.516196 0.013047
19 52 -17.137627 0.033534
19 53 -12.295721 0.111779
20 36 -6.451149 0.040000
20 37 -13.136066 0.000634
20 38 -22.058499 0.000194
20 39 -27.282702 0.000596
20 40 -34.846384 0.000021
20 41 -35.137890 0.000138
20 42 -38.547245 0.000149
20 43 -38.408822 0.000228
20 44 -41.468675 0.000325
20 45 -40.812174 0.000366
20 46 -43.139361 0.002235
20 47 -42.344418 0.002222
20 48 -44.224629 0.000096
20 49 -41.299765 0.000201
20 50 -39.589224 0.001584
20 51 -36.332304 0.000522
20 52 -34.266266 0.000671
20 53 -29.387704 0.043780
20 54 -25.160585 0.048438
21 39 -14.172709 0.024000
21 40 -20.523335 0.002828
21 41 -28.642412 0.000083
21 42 -32.121153 0.000169
21 43 -36.188102 0.001863
21 44 -37.815985 0.001756
21 45 -41.071896 0.000675
21 46 -41.761219 0.000683
21 47 -44.336595 0.001933
21 48 -44.503842 0.004951
21 49 -46.561265 0.002698
21 50 -44.547382 0.015000
21 51 -43.228684 0.020000
21 52 -40.443279 0.081852
21 53 -38.906808 0.094087
21 54 -33.890900 0.272800
21 55 -30.159352 0.454342
21 56 -24.852260 0.586841
21 57 -20.995875 1.304092
22 40 -8.850384 0.160000
22 41 -15.697537 0.027945
22 42 -25.104674 0.000277
22 43 -29.321082 0.007245
22 44 -37.548569 0.000700
22 45 -39.009840 0.000845
22 46 -44.127799 0.000165
22 47 -44.937364 0.000115
22 48 -48.492709 0.000109
22 49 -48.563787 0.000114
22 50 -51.431660 0.000121
22 51 -49.732837 0.000505
22 52 -49.469820 0.007072
22 53 -46.831061 0.100049
22 54 -45.621981 0.082461
22 55 -41.668088 0.161602
22 56 -39.320048 0.121247
22 57 -33.915633 0.256417
23 43 -17.916356 0.042849
23 44 -24.116380 0.181641
23 45 -31.886016 0.000872
23 46 -37.075351 0.000202
23 47 -42.006618 0.000169
23 48 -44.477694 0.000975
23 49 -47.961931 0.000828
23 50 -49.224013 0.000409
23 51 -52.203842 0.000401
23 52 -51.443769 0.000420
23 53 -51.851061 0.003120
23 54 -49.893173 0.015004
23 55 -49.144586 0.095104
23 56 -46.154881 0.176898
23 57 -44.413450 0.080479
23 58 -40.401753 0.089374
23 59 -37.832015 0.161874
23 60 -33.241956 0.220159
23 61 -30.506429 0.894234
24 45 -19.514799 0.035397
24 46 -29.471567 0.011453
24 47 -34.562578 0.006030
24 48 -42.822020 0.007324
24 49 -45.333060 0.002243
24 50 -50.262072 0.000437
24 51 -51.451395 0.000400
24 52 -55.419242 0.000340
24 53 -55.286999 0.000348
24 54 -56.934765 0.000353
24 55 -55.109710 0.000399
24 56 -55.285001 0.000603
24 57 -52.524702 0.001068
24 58 -51.991801 0.001490
24 59 -48.085760 0.216367
24 60 -46.669576 0.193593
24 61 -42.475229 0.101341
24 62 -40.894961 0.148099
24 63 -36.007474 0.358073
24 64 -33.479757 0.439665
25 47 -22.566374 0.031671
25 48 -29.296338 0.006939
25 49 -37.620634 0.002255
25 50 -42.627595 0.000442
25 51 -48.243877 0.000502
25 52 -50.707284 0.001845
25 53 -54.690116 0.000450
25 54 -55.557629 0.001059
25 55 -57.712413 0.000303
25 56 -56.911538 0.000331
25 57 -57.486251 0.001505
25 58 -55.827560 0.002701
25 59 -55.525320 0.002329
25 60 -52.967938 0.002329
25 61 -51.742122 0.002329
25 62 -48.523957 0.006542
25 63 -46.887053 0.003726
25 64 -42.989035 0.003540
25 65 -40.967339 0.003726
25 66 -36.750387 0.011178
26 49 -24.750727 0.024219
26 50 -34.476456 0.008383
26 51 -40.202555 0.008964
26 52 -48.330363 0.005117
26 53 -50.947530 0.001656
26 54 -56.254500 0.000372
26 55 -57.481300 0.000342
26 56 -60.607082 0.000302
26 57 -60.181839 0.000304
26 58 -62.155113 0.000343
26 59 -60.664805 0.000355
26 60 -61.413017 0.003409
26 61 -58.920494 0.002608
26 62 -58.878048 0.002794
26 63 -55.635621 0.004302
26 64 -54.969544 0.005017
26 65 -51.217895 0.005112
26 66 -50.067839 0.004099
26 67 -45.610155 0.270285
26 68 -43.486914 0.365259
27 51 -27.342143 0.048438
27 52 -34.360951 0.008383
27 53 -42.659428 0.001713
27 54 -48.009953 0.000383
27 55 -54.029883 0.000428
27 56 -56.040402 0.000493
27 57 -59.345564 0.000533
27 58 -59.847158 0.001160
27 59 -62.229709 0.000418
27 60 -61.650309 0.000424
27 61 -62.898066 0.000846
27 62 -61.424282 0.018575
27 63 -61.851440 0.018575
27 64 -59.792329 0.020006
27 65 -59.185198 0.002083
27 66 -56.408533 0.013972
27 67 -55.321775 0.006443
27 68 -51.930665 0.189497
27 69 -50.279157 0.140506
27 71 -44.369926 0.465030
28 53 -29.630824 0.025150
28 54 -39.278308 0.004657
28 55 -45.335849 0.000719
28 56 -53.907539 0.000422
28 57 -56.083833 0.000582
28 58 -60.228744 0.000373
28 59 -61.156707 0.000374
28 60 -64.473118 0.000376
28 61 -64.221905 0.000378
28 62 -66.746323 0.000439
28 63 -65.512775 0.000440
28 64 -67.098921 0.000475
28 65 -65.125685 0.000495
28 66 -66.006285 0.001397
28 67 -63.742680 0.002888
28 68 -63.463814 0.002981
28 69 -59.978648 0.003726
28 70 -59.213860 0.002144
28 71 -55.406228 0.002237
28 72 -54.226060 0.002237
28 73 -50.108152 0.002423
29 55 -31.635399 0.155559
29 56 -38.643029 0.014904
29 57 -47.308886 0.000519
29 58 -51.667725 0.000578
29 59 -56.358327 0.000544
29 60 -58.345137 0.001618
29 61 -61.984059 0.000953
29 62 -62.787426 0.000647
29 63 -65.579752 0.000440
29 64 -65.424545 0.000448
29 65 -67.263660 0.000650
29 66 -66.258272 0.000655
29 67 -67.319513 0.000894
29 68 -65.567035 0.001584
29 69 -65.736213 0.001397
29 70 -62.976373 0.001082
29 71 -62.711127 0.001490
29 72 -59.782999 0.001397
29 73 -58.987437 0.001942
29 74 -56.006205 0.006148
29 75 -54.471341 0.002330
29 76 -50.975985 0.006707
29 78 -44.497469 0.503007
30 58 -42.298744 0.050001
30 59 -47.215551 0.000771
30 60 -54.174340 0.000564
30 61 -56.348903 0.015899
30 62 -61.167972 0.000625
30 63 -62.213397 0.001561
30 64 -66.004014 0.000647
30 65 -65.912019 0.000650
30 66 -68.899160 0.000749
30 67 -67.880313 0.000760
30 68 -70.007092 0.000784
30 69 -68.417845 0.000800
30 70 -69.564735 0.001918
30 71 -67.328777 0.002654
30 72 -68.145486 0.002142
30 73 -65.593402 0.001863
30 74 -65.756712 0.002515
30 75 -62.558908 0.001956
30 76 -62.303016 0.001456
30 77 -58.789195 0.001973
30 78 -57.483235 0.001944
30 79 -53.432295 0.002225
30 80 -51.648612 0.002585
30 81 -46.199663 0.005030
30 82 -42.313954 0.003074
31 61 -47.134659 0.037994
31 62 -51.986906 0.000647
31 63 -56.547093 0.001304
31 64 -58.832821 0.001429
31 65 -62.657507 0.000815
31 66 -63.723660 0.001096
31 67 -66.879048 0.001181
31 68 -67.085992 0.001433
31 69 -69.327809 0.001197
31 70 -68.910140 0.001201
31 71 -70.139135 0.000812
31 72 -68.588293 0.000819
31 73 -69.699335 0.001677
31 74 -68.049617 0.002994
31 75 -68.464580 0.002422
31 76 -66.296640 0.001956
31 77 -65.992344 0.002422
31 78 -63.705950 0.001903
31 79 -62.547679 0.001868
31 80 -59.223667 0.002891
31 81 -57.627954 0.003264
31 82 -52.930719 0.002426
31 83 -49.257122 0.002613
32 63 -46.921216 0.037260
32 64 -54.315496 0.003726
32 65 -56.478216 0.002165
32 66 -61.607032 0.002401
32 67 -62.658230 0.004661
32 68 -66.978789 0.001876
32 69 -67.100663 0.001318
32 70 -70.561876 0.000838
32 71 -69.906497 0.000834
32 72 -72.585900 0.000076
32 73 -71.297523 0.000057
32 74 -73.422442 0.000013
32 75 -71.856965 0.000052
32 76 -73.212889 0.000018
32 77 -71.212862 0.000053
32 78 -71.862050 0.003536
32 79 -69.526592 0.037181
32 80 -69.535306 0.002054
32 81 -66.291687 0.002055
32 82 -65.415067 0.002241
32 83 -60.976435 0.002427
32 84 -58.148428 0.003171
32 85 -53.123420 0.003729
32 86 -49.399922 0.437802
33 65 -46.937051 0.084766
33 66 -52.025077 0.005682
33 67 -56.587225 0.000443
33 68 -58.894519 0.001846
33 69 -63.112171 0.031999
33 70 -64.341876 0.050007
33 71 -67.893097 0.004167
33 72 -68.229798 0.004083
33 73 -70.952747 0.003853
33 74 -70.860054 0.001693
33 75 -73.034195 0.000884
33 76 -72.291377 0.000886
33 77 -73.916318 0.001693
33 78 -72.816940 0.009781
33 79 -73.636049 0.005328
33 80 -72.214493 0.003333
33 81 -72.533304 0.002644
33 82 -70.105419 0.003729
33 83 -69.669323 0.002799
33 84 -65.853560 0.003171
33 85 -63.189144 0.003078
33 86 -58.962142 0.003450
33 87 -55.617907 0.002985
34 67 -46.580289 0.067068
34 68 -54.189441 0.000496
34 69 -56.434706 0.001490
34 70 -61.929891 0.001584
34 71 -63.146507 0.002794
34 72 -67.868180 0.001956
34 73 -68.227387 0.007424
34 74 -72.213201 0.000015
34 75 -72.169481 0.000073
34 76 -75.251950 0.000016
34 77 -74.599488 0.000062
34 78 -77.025944 0.000179
34 79 -75.917459 0.000223
34 80 -77.759457 0.000963
34 81 -76.388988 0.000992
34 82 -77.593882 0.000467
34 83 -75.340530 0.003036
34 84 -75.947721 0.001961
34 85 -72.413636 0.002613
34 86 -70.503167 0.002520
34 87 -66.426125 0.002241
34 88 -63.884195 0.003357
34 89 -58.992391 0.003729
34 90 -55.800217 0.329749
34 91 -50.580124 0.433145
35 69 -46.259470 0.042003
35 70 -51.425619 0.014904
35 71 -56.502418 0.005402
35 72 -59.061743 0.001025
35 73 -63.647475 0.007266
35 74 -65.288153 0.005835
35 75 -69.107009 0.004285
35 76 -70.289068 0.009322
35 77 -73.234809 0.002811
35 78 -73.452160 0.003580
35 79 -76.068035 0.001021
35 80 -75.888993 0.001012
35 81 -77.977034 0.000978
35 82 -77.498661 0.000971
35 83 -79.013709 0.003795
35 84 -77.783084 0.025730
35 85 -78.575469 0.003078
35 86 -75.632252 0.003078
35 87 -73.891676 0.003171
35 88 -70.715959 0.003171
35 89 -68.274263 0.003264
35 90 -64.000298 0.003357
35 91 -61.107294 0.003544
35 92 -56.232805 0.006709
35 93 -52.890230 0.430816
36 71 -46.327205 0.128769
36 72 -53.940575 0.008011
36 73 -56.551751 0.006578
36 74 -62.331836 0.002013
36 75 -64.323624 0.008104
36 76 -69.013714 0.004013
36 77 -70.169443 0.001956
36 78 -74.178275 0.000307
36 79 -74.442257 0.003486
36 80 -77.893346 0.000691
36 81 -77.696181 0.001074
36 82 -80.591785 0.000005
36 83 -79.990633 0.000009
36 84 -82.439335 0.000004
36 85 -81.480331 0.002000
36 86 -83.265666 0.000004
36 87 -80.709522 0.000246
36 88 -79.691286 0.002608
36 89 -76.535785 0.002142
36 90 -74.959250 0.001863
36 91 -70.973965 0.002236
36 92 -68.769320 0.002701
36 93 -64.135994 0.002515
36 94 -61.347772 0.012109
36 95 -56.158913 0.018630
36 96 -53.079678 0.020493
36 97 -47.423492 0.130409
37 74 -51.916009 0.003027
37 75 -57.218694 0.001180
37 76 -60.479081 0.000938
37 77 -64.830492 0.001304
37 78 -66.935419 0.003237
37 79 -70.802985 0.002142
37 80 -72.175467 0.001863
37 81 -75.456670 0.004904
37 82 -76.187803 0.003009
37 83 -79.070630 0.002329
37 84 -79.758964 0.002194
37 85 -82.167330 0.000005
37 86 -82.746993 0.000200
37 87 -84.597791 0.000006
37 88 -82.608995 0.000159
37 89 -81.712388 0.005427
37 90 -79.364404 0.006484
37 91 -77.745037 0.007801
37 92 -74.772438 0.006123
37 93 -72.619901 0.007830
37 94 -68.562785 0.002029
37 95 -65.891493 0.020245
37 96 -61.354349 0.003353
37 97 -58.519137 0.001912
37 98 -54.369146 0.016083
37 99 -51.121143 0.004031
37 100 -46.247064 0.019561
38 75 -46.618694 0.220003
38 76 -54.247639 0.034465
38 77 -57.803436 0.007918
38 78 -63.173941 0.007452
38 79 -65.476889 0.008383
38 80 -70.311459 0.003464
38 81 -71.528125 0.003128
38 82 -76.010053 0.005992
38 83 -76.797606 0.006834
38 84 -80.649570 0.001243
38 85 -81.103280 0.002813
38 86 -84.523089 0.000005
38 87 -84.880066 0.000005
38 88 -87.921618 0.000006
38 89 -86.209017 0.000092
38 90 -85.948127 0.002124
38 91 -83.651927 0.005453
38 92 -82.867361 0.003423
38 93 -80.085838 0.007554
38 94 -78.845711 0.001663
38 95 -75.119551 0.005812
38 96 -72.924157 0.008475
38 97 -68.581454 0.003385
38 98 -66.423104 0.003226
38 99 -62.521401 0.004741
38 100 -59.820903 0.007160
38 101 -55.324907 0.008480
38 102 -52.159304 0.067068
39 79 -57.817833 0.079177
39 80 -61.148152 0.006242
39 81 -65.712912 0.005405
39 82 -68.064091 0.005499
39 83 -72.205665 0.018631
39 84 -73.894431 0.004299
39 85 -77.842123 0.018965
39 86 -79.283089 0.014142
39 87 -83.018376 0.001128
39 88 -84.299018 0.001500
39 89 -87.708352 0.001612
39 90 -86.494062 0.001611
39 91 -86.351295 0.001843
39 92 -84.816492 0.009127
39 93 -84.227157 0.010488
39 94 -82.351463 0.006380
39 95 -81.208848 0.006779
39 96 -78.335895 0.006088
39 97 -76.121424 0.006719
39 98 -72.294777 0.007929
39 99 -70.649825 0.006627
39 100 -67.327396 0.011186
39 101 -65.061002 0.007092
39 102 -61.173177 0.004077
39 103 -58.457575 0.011204
39 105 -51.270361 1.336694
40 81 -57.460139 0.094081
40 82 -63.631287 0.011178
40 83 -65.911654 0.006430
40 84 -71.421686 0.005499
40 85 -73.175189 0.006430
40 86 -77.969014 0.003566
40 87 -79.347137 0.004146
40 88 -83.628871 0.005403
40 89 -84.875561 0.003083
40 90 -88.772535 0.000118
40 91 -87.895566 0.000105
40 92 -88.459028 0.000102
40 93 -87.122032 0.000457
40 94 -87.269322 0.000164
40 95 -85.659940 0.000869
40 96 -85.438846 0.000114
40 97 -82.942661 0.000414
40 98 -81.286709 0.008451
40 99 -77.620617 0.010502
40 100 -76.377437 0.008149
40 101 -73.165957 0.008339
40 102 -71.587707 0.008767
40 103 -67.815334 0.009232
40 104 -65.724060 0.009325
40 105 -61.464734 0.012118
40 106 -58.549987 0.433145
40 107 -54.379688 1.122450
41 83 -57.556083 0.150902
41 84 -61.218717 0.013041
41 85 -66.279676 0.004099
41 86 -69.134054 0.005499
41 87 -73.874486 0.006802
41 88 -76.173586 0.058810
41 89 -80.625209 0.023631
41 90 -82.661519 0.003317
41 91 -86.638001 0.002926
41 92 -86.453292 0.001785
41 93 -87.212838 0.001491
41 94 -86.369062 0.001491
41 95 -86.786258 0.000508
41 96 -85.602816 0.000147
41 97 -85.605776 0.004249
41 98 -83.524598 0.005001
41 99 -82.335341 0.012004
41 100 -79.797399 0.007986
41 101 -78.891491 0.003749
41 102 -76.304544 0.002545
41 103 -75.028671 0.003935
41 104 -71.819012 0.002737
41 105 -69.915551 0.004028
41 106 -66.203357 0.004122
41 107 -63.723810 0.008023
41 108 -59.545765 0.008237
41 109 -56.689794 0.258490
41 110 -52.309909 0.838345
42 85 -57.509753 0.015835
42 86 -64.110245 0.003726
42 87 -66.884808 0.002857
42 88 -72.686544 0.003819
42 89 -75.014935 0.003912
42 90 -80.172503 0.003463
42 91 -82.208821 0.006238
42 92 -86.808576 0.000157
42 93 -86.807069 0.000181
42 94 -88.414065 0.000141
42 95 -87.711858 0.000123
42 96 -88.794876 0.000120
42 97 -87.544691 0.000165
42 98 -88.115972 0.000174
42 99 -85.970098 0.000229
42 100 -86.193025 0.000302
42 101 -83.519949 0.000309
42 102 -83.566061 0.008312
42 103 -80.960670 0.009232
42 104 -80.349968 0.008921
42 105 -77.337141 0.009065
42 106 -76.134528 0.009140
42 107 -72.551560 0.009233
42 108 -70.755942 0.009233
42 109 -66.665996 0.011188
42 110 -64.542585 0.024223
42 111 -59.939761 0.012578
43 87 -57.690044 0.004192
43 88 -61.681315 0.149039
43 89 -67.394848 0.003819
43 90 -70.724687 0.001025
43 91 -75.986646 0.002363
43 92 -78.925693 0.003102
43 93 -83.606106 0.001012
43 94 -84.158317 0.004071
43 95 -86.021341 0.005080
43 96 -85.821634 0.005146
43 97 -87.224424 0.004118
43 98 -86.432205 0.003380
43 99 -87.327862 0.000908
43 100 -86.020945 0.001351
43 101 -86.344594 0.024004
43 102 -84.572878 0.009166
43 103 -84.603867 0.009810
43 104 -82.503444 0.024888
43 105 -82.290088 0.035264
43 106 -79.776223 0.012250
43 107 -78.749914 0.008673
43 108 -75.922778 0.008769
43 109 -74.282775 0.009669
43 110 -71.034510 0.009497
43 111 -69.024622 0.010581
43 112 -65.258938 0.005515
43 113 -62.811541 0.003353
43 114 -58.600288 0.433145
43 115 -56.319990 0.789441
44 90 -64.883792 0.003730
44 91 -68.239823 0.002221
44 92 -74.301201 0.002718
44 93 -77.216713 0.002065
44 94 -82.583591 0.003143
44 95 -83.457745 0.009502
44 96 -86.080372 0.000170
44 97 -86.120552 0.002763
44 98 -88.224858 0.006463
44 99 -87.625381 0.000344
44 100 -89.227389 0.000343
44 101 -87.958114 0.000415
44 102 -89.106437 0.000418
44 103 -87.267171 0.000443
44 104 -88.095710 0.002498
44 105 -85.934490 0.002499
44 106 -86.323223 0.005391
44 107 -83.862512 0.008673
44 108 -83.661350 0.008680
44 109 -80.738401 0.008954
44 110 -80.072576 0.008924
44 111 -76.785271 0.009682
44 112 -75.630818 0.009599
44 113 -71.868119 0.036875
44 114 -70.221811 0.003550
44 115 -66.189734 0.088496
44 116 -64.068909 0.003726
44 117 -59.489865 0.433145
45 92 -62.999087 0.004378
45 93 -69.011800 0.002629
45 94 -72.907613 0.003379
45 95 -78.340606 0.003886
45 96 -79.687718 0.010001
45 97 -82.597552 0.035463
45 98 -83.175205 0.011906
45 99 -85.581300 0.006697
45 100 -85.591126 0.018125
45 101 -87.412416 0.005841
45 102 -86.783318 0.006410
45 103 -88.031708 0.002301
45 104 -86.959348 0.002303
45 105 -87.851243 0.002502
45 106 -86.362627 0.005390
45 107 -86.863703 0.012051
45 108 -85.031721 0.013996
45 109 -84.999455 0.004039
45 110 -82.828686 0.017805
45 111 -82.304452 0.006850
45 112 -79.731503 0.044085
45 113 -78.767536 0.007130
45 114 -75.710625 0.071561
45 115 -74.229831 0.007316
45 116 -70.736122 0.073832
45 117 -68.897373 0.008892
45 118 -64.887460 0.024235
45 119 -62.822794 0.009315
45 121 -56.250128 0.619444
46 94 -66.102268 0.004287
46 95 -69.965900 0.003031
46 96 -76.183406 0.004194
46 97 -77.805843 0.004844
46 98 -81.320975 0.004742
46 99 -82.182651 0.004981
46 100 -85.212778 0.017638
46 101 -85.432132 0.004588
46 102 -87.903171 0.000554
46 103 -87.457189 0.000950
46 104 -89.395105 0.001336
46 105 -88.417888 0.001138
46 106 -89.907527 0.001106
46 107 -88.372639 0.001201
46 108 -89.524206 0.001108
46 109 -87.606476 0.001114
46 110 -88.330905 0.000612
46 111 -85.985888 0.000731
46 112 -86.321562 0.006544
46 113 -83.591092 0.006945
46 114 -83.490943 0.006945
46 115 -80.426386 0.013546
46 116 -79.831635 0.007132
46 117 -76.424477 0.007252
46 118 -75.388746 0.002491
46 119 -71.407902 0.008245
46 120 -70.280050 0.002291
46 121 -66.182329 0.003353
46 122 -64.616161 0.019561
46 123 -60.429742 0.789441
47 96 -64.511636 0.090084
47 97 -70.825843 0.110107
47 98 -73.066415 0.032907
47 99 -76.712473 0.006265
47 100 -78.137959 0.005000
47 101 -81.334374 0.004838
47 102 -82.246691 0.008171
47 103 -84.802692 0.004099
47 104 -85.116452 0.004217
47 105 -87.070836 0.004544
47 106 -86.942383 0.003016
47 107 -88.406670 0.002382
47 108 -87.606763 0.002388
47 109 -88.719426 0.001287
47 110 -87.457302 0.001286
47 111 -88.215447 0.001459
47 112 -86.583718 0.002422
47 113 -87.026822 0.016643
47 114 -84.930800 0.004564
47 115 -84.982654 0.018268
47 116 -82.542653 0.003260
47 117 -82.182014 0.013572
47 118 -79.553792 0.002515
47 119 -78.645765 0.014703
47 120 -75.651502 0.004471
47 121 -74.402821 0.012109
47 122 -71.106108 0.038191
47 123 -69.548078 0.030739
47 124 -66.200134 0.251503
47 125 -64.519932 0.433145
48 98 -67.636415 0.051797
48 99 -69.931123 0.001584
48 100 -74.194596 0.001677
48 101 -75.836456 0.001490
48 102 -79.659691 0.001662
48 103 -80.651616 0.001811
48 104 -83.968380 0.001673
48 105 -84.333839 0.001392
48 106 -87.132138 0.001104
48 107 -86.990261 0.001665
48 108 -89.252414 0.001123
48 109 -88.504321 0.001536
48 110 -90.347969 0.000380
48 111 -89.252247 0.000357
48 112 -90.574859 0.000250
48 113 -89.043284 0.000244
48 114 -90.014932 0.000276
48 115 -88.084479 0.000651
48 116 -88.712480 0.000160
48 117 -86.418389 0.001013
48 118 -86.701641 0.020001
48 119 -83.977068 0.037695
48 120 -83.957354 0.003726
48 121 -81.073826 0.001942
48 122 -80.612374 0.002299
48 123 -77.414181 0.002696
48 124 -76.701672 0.002995
48 125 -73.348095 0.002885
48 126 -72.256802 0.002476
48 127 -68.747402 0.012109
48 128 -67.241890 0.007244
48 129 -63.058046 0.016767
48 130 -61.117589 0.022356
48 131 -55.218965 0.102464
49 100 -64.312972 0.182519
49 102 -70.694884 0.004573
49 103 -74.632591 0.009625
49 104 -76.182665 0.005775
49 105 -79.640572 0.010246
49 106 -80.608134 0.012226
49 107 -83.564261 0.011125
49 108 -84.119819 0.008641
49 109 -86.489511 0.003969
49 110 -86.469969 0.011553
49 111 -88.392043 0.003424
49 112 -87.990131 0.004251
49 113 -89.367117 0.000188
49 114 -88.569801 0.000301
49 115 -89.536346 0.000012
49 116 -88.249749 0.000220
49 117 -88.943042 0.004881
49 118 -87.228211 0.007752
49 119 -87.699281 0.007307
49 120 -85.728369 0.040010
49 121 -85.835974 0.027414
49 122 -83.572741 0.050057
49 123 -83.430353 0.019827
49 124 -80.870201 0.030572
49 125 -80.476805 0.027023
49 126 -77.772908 0.026921
49 127 -76.896184 0.021157
49 128 -74.145941 0.153479
49 129 -72.837720 0.002693
49 130 -69.883206 0.038046
49 131 -68.025030 0.002701
49 132 -62.411542 0.060033
50 100 -57.282972 0.301518
50 101 -60.305626 0.300005
50 102 -64.934884 0.100105
50 103 -66.972591 0.070659
50 104 -71.627047 0.005745
50 105 -73.337992 0.003971
50 106 -77.353687 0.005091
50 107 -78.512228 0.005310
50 108 -82.069938 0.005382
50 109 -82.630184 0.007949
50 110 -85.841983 0.013777
50 111 -85.938587 0.005336
50 112 -88.655056 0.000294
50 113 -88.328132 0.001575
50 114 -90.559723 0.000029
50 115 -90.033835 0.000015
50 116 -91.525970 0.000096
50 117 -90.397751 0.000483
50 118 -91.652853 0.000499
50 119 -90.065022 0.000725
50 120 -91.098369 0.000896
50 121 -89.197265 0.000955
50 122 -89.941333 0.002395
50 123 -87.816181 0.002416
50 124 -88.234193 0.001014
50 125 -85.896376 0.001033
50 126 -86.015240 0.010447
50 127 -83.470803 0.010057
50 128 -83.362008 0.017660
50 129 -80.590903 0.017277
50 130 -80.132206 0.001873
50 131 -77.264571 0.003621
50 132 -76.546542 0.001976
50 133 -70.873880 0.001904
50 134 -66.433748 0.003167
50 135 -60.632244 0.003074
51 104 -59.173620 0.122444
51 105 -64.015482 0.021827
51 106 -66.473292 0.007452
51 107 -70.653239 0.004148
51 108 -72.445331 0.005496
51 109 -76.250977 0.005265
51 110 -77.449734 0.005962
51 111 -80.836736 0.008849
51 112 -81.598965 0.017829
51 113 -84.416968 0.017193
51 114 -84.496574 0.021838
51 115 -87.003403 0.016025
51 116 -86.822150 0.005160
51 117 -88.639539 0.008437
51 118 -87.996213 0.003016
51 119 -89.474180 0.007701
51 120 -88.417761 0.007196
51 121 -89.600321 0.002582
51 122 -88.335370 0.002578
51 123 -89.224069 0.001506
51 124 -87.620248 0.001507
51 125 -88.256274 0.002599
51 126 -86.393240 0.031767
51 127 -86.699477 0.005126
51 128 -84.630286 0.019119
51 129 -84.629307 0.021231
51 130 -82.285676 0.014212
51 131 -81.981401 0.002084
51 132 -79.635271 0.002467
51 133 -78.923503 0.003128
51 134 -74.020542 0.001705
51 135 -69.690323 0.002640
51 136 -64.506880 0.005830
51 137 -60.060384 0.052164
51 138 -54.220403 1.064232
52 105 -52.811510 0.300020
52 106 -58.219748 0.100541
52 107 -60.539326 0.070830
52 108 -65.781667 0.005411
52 109 -67.715390 0.004382
52 110 -72.229811 0.006575
52 111 -73.587477 0.006427
52 112 -77.567508 0.008383
52 113 -78.347029 0.027945
52 114 -81.888569 0.027945
52 115 -82.062759 0.027945
52 116 -85.268961 0.027945
52 117 -85.095411 0.013456
52 118 -87.696584 0.018481
52 119 -87.181180 0.007957
52 120 -89.367987 0.003085
52 121 -88.545502 0.025850
52 122 -90.314460 0.001507
52 123 -89.172156 0.001505
52 124 -90.525321 0.001502
52 125 -89.022974 0.001502
52 126 -90.065348 0.001504
52 127 -88.281678 0.001514
52 128 -88.993716 0.000866
52 129 -87.004807 0.000869
52 130 -87.352949 0.000011
52 131 -85.211012 0.000061
52 132 -85.188186 0.003486
52 133 -82.937122 0.002066
52 134 -82.533741 0.002746
52 135 -77.728780 0.001722
52 136 -74.425269 0.002281
52 137 -69.303753 0.002100
52 138 -65.695985 0.003787
52 139 -60.205072 0.003540
52 140 -56.576228 0.062410
53 108 -52.649605 0.132260
53 109 -57.672496 0.006729
53 110 -60.464176 0.050552
53 111 -64.953785 0.004754
53 112 -67.063330 0.010246
53 113 -71.119507 0.008011
53 115 -76.337797 0.028876
53 116 -77.492236 0.096592
53 117 -80.436077 0.026196
53 118 -80.971048 0.019760
53 119 -83.765530 0.027945
53 120 -83.752987 0.015314
53 121 -86.251449 0.005356
53 122 -86.080460 0.005222
53 123 -87.943727 0.003740
53 124 -87.365734 0.002390
53 125 -88.837204 0.001504
53 126 -87.911318 0.003809
53 127 -88.983909 0.003647
53 128 -87.738724 0.003647
53 129 -88.507125 0.003168
53 130 -86.936138 0.003168
53 131 -87.442710 0.000605
53 132 -85.703490 0.004065
53 133 -85.858260 0.006427
53 134 -84.043429 0.004857
53 135 -83.779145 0.002061
53 136 -79.545214 0.014188
53 137 -76.356258 0.008383
53 138 -71.979900 0.005962
53 139 -68.470954 0.004005
53 140 -63.606213 0.012109
53 141 -59.926657 0.015835
53 142 -54.769984 0.374461
54 109 -46.169548 0.300108
54 110 -51.922625 0.100988
54 111 -54.395534 0.086700
54 112 -60.026338 0.008283
54 113 -62.203618 0.006840
54 114 -67.085890 0.011178
54 115 -68.656748 0.012109
54 116 -73.046724 0.013041
54 117 -74.185337 0.010378
54 118 -78.079057 0.010378
54 119 -78.794413 0.010378
54 120 -82.172423 0.011817
54 121 -82.480986 0.010243
54 122 -85.354977 0.011111
54 123 -85.248701 0.009537
54 124 -87.661421 0.001793
54 125 -87.193381 0.001836
54 126 -89.146962 0.003500
54 127 -88.321560 0.004110
54 128 -89.860298 0.001061
54 129 -88.696059 0.000005
54 130 -89.880463 0.000009
54 131 -88.413558 0.000009
54 132 -89.278962 0.000005
54 133 -87.643571 0.002400
54 134 -88.125822 0.000009
54 135 -86.413151 0.003720
54 136 -86.429159 0.000007
54 137 -82.383404 0.000103
54 138 -79.972233 0.002804
54 139 -75.644576 0.002142
54 140 -72.986451 0.002329
54 141 -68.197299 0.002888
54 142 -65.229639 0.002701
54 143 -60.202873 0.004657
54 144 -56.872293 0.005310
54 145 -51.493329 0.011178
54 146 -47.954943 0.024219
55 112 -46.290277 0.086796
55 113 -51.764530 0.008577
55 114 -54.682261 0.071102
55 117 -66.493092 0.062410
55 118 -68.409367 0.012753
55 119 -72.305051 0.013940
55 120 -73.888639 0.009970
55 121 -77.102331 0.014290
55 122 -78.144759 0.033687
55 123 -81.043646 0.012109
55 124 -81.731334 0.008304
55 125 -84.087950 0.007744
55 126 -84.350829 0.010401
55 127 -86.240154 0.005578
55 128 -85.931581 0.005443
55 129 -87.499246 0.004555
55 130 -86.899743 0.008357
55 131 -88.058786 0.004974
55 132 -87.152681 0.001036
55 133 -88.070931 0.000008
55 134 -86.891154 0.000016
55 135 -87.581643 0.000992
55 136 -86.338697 0.001882
55 137 -86.545606 0.000358
55 138 -82.886937 0.009159
55 139 -80.700921 0.003140
55 140 -77.050105 0.008201
55 141 -74.477523 0.009195
55 142 -70.514550 0.007067
55 143 -67.675509 0.007573
55 144 -63.271353 0.020132
55 145 -60.054415 0.009067
55 146 -55.310372 0.002893
55 147 -51.920064 0.008383
55 148 -46.910942 0.013041
56 114 -45.905426 0.102676
56 117 -57.457753 0.250340
56 119 -64.590086 0.200269
56 120 -68.888639 0.300166
56 121 -70.744837 0.141898
56 122 -74.608944 0.027945
56 123 -75.654953 0.012109
56 124 -79.089775 0.012497
56 125 -79.668965 0.010992
56 126 -82.669902 0.012497
56 127 -82.817944 0.011357
56 128 -85.378497 0.005195
56 129 -85.063198 0.010577
56 130 -87.261544 0.002553
56 131 -86.683731 0.002569
56 132 -88.435017 0.001054
56 133 -87.553613 0.000992
56 134 -88.949853 0.000304
56 135 -87.850498 0.000306
56 136 -88.886921 0.000306
56 137 -87.721235 0.000314
56 138 -88.261638 0.000317
56 139 -84.913751 0.000319
56 140 -83.269354 0.007933
56 141 -79.732626 0.005319
56 142 -77.842264 0.005920
56 143 -73.937197 0.006756
56 144 -71.767121 0.007136
56 145 -67.516176 0.008477
56 146 -64.947086 0.020863
56 147 -60.264029 0.019748
56 148 -57.593735 0.063079
56 149 -53.120309 0.437802
57 124 -70.258610 0.056669
57 125 -73.759484 0.025997
57 126 -74.973468 0.090508
57 127 -77.896108 0.026000
57 128 -78.625431 0.054448
57 129 -81.324573 0.021351
57 130 -81.627366 0.025946
57 131 -83.769256 0.027945
57 132 -83.723650 0.036359
57 133 -85.494383 0.027945
57 134 -85.218650 0.019930
57 135 -86.643317 0.009434
57 136 -86.037479 0.053171
57 137 -87.140688 0.001659
57 138 -86.519180 0.003188
57 139 -87.226212 0.002009
57 140 -84.315871 0.002009
57 141 -82.931636 0.004219
57 142 -80.024227 0.006309
57 143 -78.171515 0.007330
57 144 -74.849652 0.012937
57 145 -72.835317 0.012269
57 146 -69.050283 0.033616
57 147 -66.678390 0.010712
57 148 -62.708735 0.019468
57 149 -60.219913 0.200262
57 150 -56.129966 0.435473
57 151 -53.310333 0.435473
58 126 -70.820558 0.027945
58 127 -71.979336 0.028876
58 128 -75.533917 0.027945
58 129 -76.287496 0.027945
58 130 -79.422905 0.027945
58 131 -79.708440 0.032802
58 132 -82.470896 0.020442
58 133 -82.418214 0.016354
58 134 -84.832889 0.020387
58 135 -84.616171 0.010267
58 136 -86.508372 0.000408
58 137 -85.918588 0.000437
58 138 -87.570922 0.004931
58 139 -86.947862 0.007230
58 140 -88.076089 0.001596
58 141 -85.432916 0.001597
58 142 -84.533188 0.002509
58 143 -81.606671 0.002508
58 144 -80.431870 0.002885
58 145 -77.067022 0.033902
58 146 -75.635389 0.016306
58 147 -72.013891 0.008580
58 148 -70.398408 0.011195
58 149 -66.669913 0.010246
58 150 -64.846854 0.011697
58 151 -61.225052 0.017698
59 128 -66.330757 0.029808
59 129 -69.773558 0.029808
59 130 -71.175457 0.064273
59 131 -74.300656 0.046995
59 132 -75.227456 0.028876
59 133 -77.937581 0.012497
59 134 -78.527991 0.020316
59 135 -80.935861 0.011817
59 136 -81.340355 0.011455
59 137 -83.201693 0.008137
59 138 -83.133922 0.011150
59 139 -84.818798 0.007809
59 140 -84.688089 0.006209
59 141 -86.015644 0.001665
59 142 -83.787476 0.001665
59 143 -83.068246 0.001897
59 144 -80.750517 0.002762
59 145 -79.625940 0.007169
59 146 -76.681006 0.034816
59 147 -75.444067 0.015857
59 148 -72.535424 0.015043
59 149 -71.039366 0.009874
59 150 -68.300479 0.009015
59 151 -66.779630 0.011651
59 152 -63.758063 0.018537
59 153 -61.568463 0.011882
59 154 -58.104976 0.113009
59 155 -55.415268 0.017198
60 130 -66.596232 0.027945
60 131 -67.768033 0.027517
60 132 -71.425807 0.024205
60 133 -72.332372 0.046575
60 134 -75.646432 0.011817
60 135 -76.213609 0.019128
60 136 -79.199287 0.011817
60 137 -79.584567 0.011737
60 138 -82.018310 0.011601
60 139 -82.013942 0.027600
60 140 -84.258912 0.003447
60 141 -84.192630 0.003265
60 142 -85.949980 0.001368
60 143 -84.002234 0.001367
60 144 -83.747957 0.001367
60 145 -81.431951 0.001384
60 146 -80.925867 0.001386
60 147 -78.146748 0.001388
60 148 -77.407996 0.002127
60 149 -74.375466 0.002128
60 150 -73.679755 0.001289
60 151 -70.942988 0.001293
60 152 -70.149407 0.024485
60 153 -67.330297 0.002747
60 154 -65.824976 0.052642
60 155 -62.283724 0.009153
60 156 -60.473644 0.200033
60 157 -56.461543 0.024918
61 133 -65.407646 0.050301
61 134 -66.738751 0.057753
61 135 -70.052075 0.075451
61 136 -71.169915 0.069073
61 137 -74.072848 0.013041
61 138 -74.940483 0.027739
61 139 -77.500481 0.013593
61 140 -78.213712 0.024246
61 141 -80.522921 0.013972
61 142 -81.142044 0.023597
61 143 -82.960651 0.002996
61 144 -81.416093 0.002964
61 145 -81.267474 0.002859
61 146 -79.454309 0.004308
61 147 -79.042260 0.001399
61 148 -76.865716 0.005723
61 149 -76.064256 0.002267
61 150 -73.597139 0.020041
61 151 -73.386063 0.004653
61 152 -71.254186 0.025912
61 153 -70.647824 0.009066
61 154 -68.511976 0.046326
61 155 -66.939931 0.004718
61 156 -64.163644 0.003631
61 157 -62.297043 0.007006
61 158 -59.089209 0.013453
61 159 -56.554280 0.010039
62 135 -62.857215 0.154628
62 136 -66.810890 0.012497
62 137 -68.026525 0.042395
62 138 -71.497762 0.011817
62 139 -72.380219 0.010884
62 140 -75.455935 0.012497
62 141 -75.933909 0.008539
62 142 -78.986470 0.003079
62 143 -79.517152 0.002804
62 144 -81.965535 0.001554
62 145 -80.651318 0.001578
62 146 -80.996309 0.003092
62 147 -79.266354 0.001372
62 148 -79.336264 0.001367
62 149 -77.135737 0.001311
62 150 -77.051139 0.001274
62 151 -74.576279 0.001273
62 152 -74.762603 0.001212
62 153 -72.559686 0.001219
62 154 -72.455176 0.001462
62 155 -70.190819 0.001487
62 156 -69.360430 0.008546
62 157 -66.677577 0.004433
62 158 -65.250243 0.004892
62 159 -62.207775 0.005934
62 160 -60.234793 0.005934
62 161 -56.671962 0.006817
63 137 -60.145895 0.004378
63 138 -61.749669 0.027945
63 139 -65.398042 0.013151
63 140 -66.985935 0.051538
63 141 -69.925629 0.012639
63 142 -71.313470 0.030158
63 143 -74.241300 0.010986
63 144 -75.619133 0.010789
63 145 -77.991507 0.003106
63 146 -77.117541 0.006026
63 147 -77.544756 0.002630
63 148 -76.299331 0.010013
63 149 -76.441112 0.003951
63 150 -74.792234 0.006253
63 151 -74.652854 0.001325
63 152 -72.888255 0.001326
63 153 -73.367222 0.001330
63 154 -71.738121 0.001346
63 155 -71.818092 0.001401
63 156 -70.082548 0.003590
63 157 -69.458908 0.004259
63 158 -67.255188 0.010255
63 159 -66.043285 0.004325
63 160 -63.480463 0.009501
63 161 -61.791524 0.010399
63 162 -58.703401 0.035229
63 163 -56.484886 0.065544
64 140 -61.782271 0.027945
64 141 -63.224224 0.019760
64 142 -66.959515 0.027945
64 143 -68.231300 0.200301
64 144 -71.759504 0.027945
64 145 -72.926320 0.019709
64 146 -76.085783 0.004108
64 147 -75.356945 0.001965
64 148 -76.269329 0.001554
64 149 -75.127011 0.003360
64 150 -75.763934 0.006076
64 151 -74.188737 0.003056
64 152 -74.706916 0.001206
64 153 -72.882551 0.001203
64 154 -73.705954 0.001197
64 155 -72.069880 0.001191
64 156 -72.534914 0.001190
64 157 -70.823473 0.001189
64 158 -70.689546 0.001189
64 159 -68.561436 0.001192
64 160 -67.941741 0.001278
64 161 -65.505824 0.001622
64 162 -64.280401 0.004009
64 163 -61.313886 0.008426
65 140 -50.482271 0.800488
65 141 -54.540837 0.105259
65 142 -56.559515 0.700558
65 143 -60.419183 0.051232
65 144 -62.368181 0.027945
65 145 -66.388411 0.109174
65 146 -67.763610 0.044862
65 147 -70.742665 0.008100
65 148 -70.537082 0.012464
65 149 -71.488669 0.003667
65 150 -71.105721 0.007384
65 151 -71.623504 0.004137
65 152 -70.716916 0.040018
65 153 -71.313338 0.003995
65 154 -70.156303 0.045314
65 155 -71.250050 0.009849
65 156 -70.090797 0.003814
65 157 -70.763430 0.001222
65 158 -69.470668 0.001401
65 159 -69.532363 0.001256
65 160 -67.836257 0.001262
65 161 -67.461589 0.001350
65 162 -65.675958 0.036372
65 163 -64.596071 0.004073
65 164 -62.077965 0.100003
65 166 -57.884789 0.070005
66 143 -52.168941 0.013041
66 144 -56.570083 0.007173
66 145 -58.242599 0.006520
66 146 -62.554918 0.006695
66 147 -64.196038 0.008849
66 148 -67.859550 0.008724
66 149 -67.695909 0.009221
66 150 -69.309600 0.004348
66 151 -68.752405 0.003293
66 152 -70.117873 0.004624
66 153 -69.142943 0.004048
66 154 -70.393907 0.007445
66 155 -69.155550 0.009665
66 156 -70.528964 0.001194
66 157 -69.424558 0.005177
66 158 -70.407349 0.002365
66 159 -69.167134 0.001528
66 160 -69.672730 0.000772
66 161 -68.055801 0.000768
66 162 -68.181478 0.000767
66 163 -66.381170 0.000765
66 164 -65.967965 0.000767
66 165 -63.612606 0.000769
66 166 -62.584789 0.000867
66 167 -59.930626 0.060228
66 168 -58.559566 0.140009
66 169 -55.597177 0.300670
67 144 -44.609513 0.008477
67 145 -49.120105 0.007452
67 146 -51.238219 0.006587
67 147 -55.757092 0.005001
67 148 -57.991158 0.083834
67 149 -61.646578 0.011990
67 150 -61.945881 0.014168
67 151 -63.622738 0.008302
67 152 -63.604771 0.012529
67 153 -65.012103 0.005094
67 154 -64.639311 0.008228
67 155 -66.039539 0.017474
67 156 -65.478964 0.060012
67 157 -66.832832 0.023469
67 158 -66.187593 0.027108
67 159 -67.329534 0.003088
67 160 -66.382730 0.015020
67 161 -67.197270 0.002242
67 162 -66.041541 0.003166
67 163 -66.378335 0.000765
67 164 -64.981503 0.001528
67 165 -64.899006 0.001010
67 166 -63.071329 0.001010
67 167 -62.280626 0.005234
67 168 -60.061171 0.030023
67 169 -58.797177 0.020060
67 170 -56.238681 0.050024
67 171 -54.518956 0.600002
68 146 -44.322012 0.006705
68 147 -46.607807 0.038191
68 148 -51.478989 0.010246
68 149 -53.741615 0.027945
68 150 -57.831313 0.017195
68 151 -58.266284 0.016470
68 152 -60.500377 0.008830
68 153 -60.468604 0.009321
68 154 -62.605020 0.004986
68 155 -62.209189 0.006098
68 156 -64.211709 0.024629
68 157 -63.413639 0.026505
68 158 -65.303808 0.025219
68 159 -64.561034 0.003679
68 160 -66.064228 0.024254
68 161 -65.201608 0.008780
68 162 -66.334519 0.000822
68 163 -65.167723 0.004639
68 164 -65.942890 0.000775
68 165 -64.521610 0.000964
68 166 -64.926042 0.001165
68 167 -63.291180 0.001166
68 168 -62.991171 0.001168
68 169 -60.923104 0.001179
68 170 -60.108681 0.001546
68 171 -57.718956 0.001557
68 172 -56.483612 0.004008
69 147 -35.974400 0.006839
69 148 -38.765027 0.010246
69 151 -50.772756 0.019416
69 152 -51.720273 0.054027
69 153 -53.973329 0.011983
69 154 -54.427131 0.014412
69 155 -56.625913 0.009925
69 156 -56.834550 0.014279
69 157 -58.709273 0.027945
69 158 -58.703194 0.025219
69 159 -60.570398 0.027945
69 160 -60.302028 0.034262
69 161 -61.898708 0.027945
69 162 -61.477791 0.026060
69 163 -62.728723 0.005524
69 164 -61.904035 0.024394
69 165 -62.929621 0.001671
69 166 -61.888375 0.011606
69 167 -62.543641 0.001298
69 168 -61.312921 0.001709
69 169 -61.275212 0.000812
69 170 -59.795853 0.000801
69 171 -59.210298 0.000972
69 172 -57.374379 0.005503
69 173 -56.256059 0.004400
69 174 -53.864512 0.044721
69 175 -52.310549 0.050000
69 176 -49.371314 0.100000
70 151 -41.542342 0.300492
70 152 -46.270381 0.149708
70 154 -49.932083 0.017281
70 155 -50.502608 0.016600
70 156 -53.265721 0.009308
70 157 -53.421898 0.010920
70 158 -56.010237 0.007994
70 159 -55.838606 0.017794
70 160 -58.162706 0.007233
70 161 -57.839400 0.015354
70 162 -59.826347 0.015359
70 163 -59.299094 0.015364
70 164 -61.017418 0.015369
70 165 -60.295382 0.026539
70 166 -61.595740 0.007101
70 167 -60.590576 0.003981
70 168 -61.581901 0.001195
70 169 -60.377563 0.001205
70 170 -60.763919 0.000010
70 171 -59.306810 0.000013
70 172 -59.255446 0.000014
70 173 -57.551225 0.000011
70 174 -56.944512 0.000011
70 175 -54.695549 0.000071
70 176 -53.491314 0.000015
70 177 -50.986397 0.000220
70 178 -49.695475 0.010000
71 153 -38.372844 0.150034
71 155 -42.545047 0.019246
71 156 -43.699544 0.054122
71 157 -46.440523 0.012078
71 158 -47.212190 0.015125
71 159 -49.708604 0.037663
71 160 -50.269937 0.056821
71 161 -52.562344 0.027945
71 162 -52.831753 0.075036
71 163 -54.791409 0.027945
71 164 -54.642370 0.027945
71 165 -56.442242 0.026539
71 166 -56.020981 0.029808
71 167 -57.501125 0.031671
71 168 -57.067850 0.039266
71 169 -58.084563 0.003233
71 170 -57.306224 0.016843
71 171 -57.828395 0.001862
71 172 -56.735980 0.002336
71 173 -56.880916 0.001567
71 174 -55.570195 0.001567
71 175 -55.165582 0.001207
71 176 -53.382236 0.001212
71 177 -52.383806 0.001220
71 178 -50.337784 0.002251
71 179 -49.058918 0.005150
71 180 -46.676348 0.070725
71 181 -44.797410 0.125752
71 183 -39.716110 0.080108
72 156 -37.816896 0.149757
72 158 -42.102390 0.017494
72 159 -42.852600 0.016813
72 160 -45.938943 0.009541
72 161 -46.314672 0.022551
72 162 -49.169008 0.008968
72 163 -49.263682 0.024778
72 164 -51.818505 0.015820
72 165 -51.635507 0.027945
72 166 -53.858983 0.027945
72 167 -53.467756 0.027945
72 168 -55.360552 0.027945
72 169 -54.716889 0.027945
72 170 -56.253854 0.027945
72 171 -55.431345 0.028876
72 172 -56.402226 0.024428
72 173 -55.411784 0.027945
72 174 -55.844481 0.002259
72 175 -54.481662 0.002282
72 176 -54.576321 0.001481
72 177 -52.880616 0.001408
72 178 -52.435236 0.001412
72 179 -50.462907 0.001413
72 180 -49.779348 0.001419
72 181 -47.402831 0.001420
72 182 -46.049508 0.006165
72 183 -43.282796 0.030034
72 184 -41.499373 0.039706
72 185 -38.319800 0.064273
72 186 -36.424210 0.051232
73 157 -29.593330 0.150069
73 159 -34.439148 0.019689
73 160 -35.823695 0.054316
73 161 -38.778997 0.024382
73 162 -39.780194 0.052238
73 163 -42.534629 0.038061
73 164 -43.282800 0.027945
73 165 -45.847853 0.013863
73 166 -46.097775 0.027945
73 167 -48.351059 0.027945
73 168 -48.393908 0.027945
73 169 -50.290430 0.027945
73 170 -50.137665 0.027945
73 171 -51.720273 0.027945
73 172 -51.329977 0.027945
73 173 -52.396538 0.027945
73 174 -51.740766 0.027945
73 175 -52.408647 0.027945
73 176 -51.365374 0.030739
73 177 -51.714616 0.003314
73 179 -50.357323 0.001463
73 180 -48.932877 0.001939
73 181 -48.438311 0.001403
73 182 -46.429934 0.001405
73 183 -45.292796 0.001419
73 184 -42.839373 0.026010
73 185 -41.394293 0.014161
73 186 -38.607528 0.060012
73 187 -36.895546 0.055890
73 188 -33.612030 0.054958
74 160 -29.326455 0.149827
74 162 -33.999207 0.017658
74 163 -34.908193 0.052751
74 164 -38.235759 0.009674
74 165 -38.861022 0.024977
74 166 -41.888031 0.009478
74 167 -42.098058 0.018261
74 168 -44.893109 0.013271
74 169 -44.917873 0.015436
74 170 -47.290832 0.013195
74 171 -47.086090 0.027945
74 172 -49.097186 0.027945
74 173 -48.727383 0.027945
74 174 -50.227088 0.027945
74 175 -49.632795 0.027945
74 176 -50.641603 0.027945
74 177 -49.701726 0.027945
74 178 -50.406936 0.015199
74 179 -49.295127 0.014573
74 180 -49.636115 0.001436
74 181 -48.233818 0.001445
74 182 -48.246060 0.000738
74 183 -46.365580 0.000737
74 184 -45.705373 0.000731
74 185 -43.387793 0.000733
74 186 -42.508528 0.001212
74 187 -39.903970 0.001212
74 188 -38.667811 0.003089
74 189 -35.617536 0.040054
74 190 -34.382313 0.039726
74 191 -31.176173 0.041917
75 161 -20.840203 0.149922
75 163 -26.002244 0.018534
75 164 -27.472436 0.054555
75 165 -30.659776 0.023594
75 166 -31.893478 0.072310
75 168 -35.794885 0.030821
75 169 -38.409232 0.011374
75 170 -38.913193 0.023109
75 171 -41.250280 0.027945
75 172 -41.537106 0.038995
75 173 -43.553865 0.027945
75 174 -43.673096 0.027945
75 175 -45.288307 0.027945
75 176 -45.062885 0.027945
75 177 -46.269170 0.027945
75 178 -45.653453 0.027945
75 179 -46.584280 0.024639
75 180 -45.837359 0.021392
75 181 -46.517391 0.012549
75 182 -45.446060 0.101983
75 183 -45.809580 0.008034
75 184 -44.219634 0.004275
75 185 -43.819027 0.000818
75 186 -41.927086 0.000826
75 187 -41.216478 0.000736
75 188 -39.016811 0.000738
75 189 -37.979043 0.008191
75 190 -35.635830 0.070852
75 191 -34.350296 0.010265
75 192 -31.588825 0.070794
75 193 -30.231638 0.039123
76 164 -20.422106 0.149919
76 166 -25.431517 0.017966
76 167 -26.501993 0.072682
76 168 -29.995213 0.009904
76 169 -30.722691 0.025167
76 170 -33.926247 0.009773
76 171 -34.301942 0.017823
76 172 -37.243842 0.012782
76 173 -37.438257 0.014959
76 174 -39.995416 0.010254
76 175 -40.105376 0.011775
76 176 -42.097940 0.027945
76 177 -41.956462 0.014613
76 178 -43.544270 0.013632
76 179 -43.019495 0.016504
76 180 -44.357810 0.016391
76 181 -43.549963 0.025338
76 182 -44.609104 0.021745
76 183 -43.664043 0.049760
76 184 -44.252533 0.000827
76 185 -42.805880 0.000830
76 186 -42.999943 0.000761
76 187 -41.218945 0.000736
76 188 -41.137233 0.000734
76 189 -38.986745 0.000666
76 190 -38.707771 0.000650
76 191 -36.395185 0.000659
76 192 -35.882191 0.002315
76 193 -33.394289 0.002321
76 194 -32.435108 0.002403
76 195 -29.511593 0.055890
76 196 -28.277105 0.040055
77 167 -17.072440 0.018346
77 168 -18.666226 0.055216
77 169 -22.093839 0.023308
77 171 -26.412025 0.038466
77 172 -27.379369 0.032402
77 173 -30.268435 0.011026
77 174 -30.863492 0.024322
77 175 -33.394506 0.012384
77 176 -33.878326 0.016750
77 177 -36.047421 0.019760
77 178 -36.251884 0.019760
77 179 -38.081714 0.009771
77 180 -37.977526 0.021706
77 181 -39.463028 0.005245
77 182 -39.051679 0.020967
77 183 -40.203311 0.024398
77 184 -39.610851 0.027945
77 185 -40.335553 0.027945
77 186 -39.172346 0.016526
77 187 -39.549372 0.027945
77 188 -38.344907 0.009423
77 189 -38.449586 0.012576
77 190 -36.753544 0.001370
77 191 -36.708756 0.001311
77 192 -34.835561 0.001314
77 193 -34.536235 0.001328
77 194 -32.531708 0.001332
77 195 -31.692251 0.001333
77 196 -29.435493 0.038414
77 197 -28.264105 0.020110
77 199 -24.398515 0.041054
78 168 -11.007460 0.149951
78 170 -16.299193 0.018247
78 171 -17.469702 0.072747
78 172 -21.106920 0.010377
78 173 -21.942911 0.055977
78 174 -25.318163 0.010351
78 175 -25.713466 0.018185
78 176 -28.933867 0.012724
78 177 -29.370444 0.014988
78 178 -31.997519 0.010133
78 179 -32.268145 0.007977
78 180 -34.435877 0.010974
78 181 -34.381511 0.013689
78 182 -36.168449 0.013095
78 183 -35.772487 0.015533
78 184 -37.334243 0.015584
78 185 -36.688140 0.025832
78 186 -37.864443 0.021745
78 187 -36.685050 0.024048
78 188 -37.820929 0.005304
78 189 -36.469348 0.010090
78 190 -37.306450 0.000657
78 191 -35.698237 0.004127
78 192 -36.288457 0.002570
78 193 -34.479608 0.001359
78 194 -34.760070 0.000496
78 195 -32.793849 0.000503
78 196 -32.644510 0.000510
78 197 -30.419750 0.000536
78 198 -29.903999 0.002100
78 199 -27.388682 0.002159
78 200 -26.599160 0.020110
78 201 -23.740714 0.050103
78 202 -22.692125 0.025150
79 171 -7.562295 0.020713
79 172 -9.318006 0.056158
79 173 -12.832440 0.022784
79 175 -17.403955 0.038640
79 176 -18.520963 0.033185
79 177 -21.545103 0.010496
79 178 -22.303743 0.010086
79 179 -24.988567 0.011696
79 180 -25.625509 0.004786
79 181 -27.871136 0.019976
79 182 -28.300768 0.020260
79 183 -30.191483 0.009423
79 184 -30.318710 0.022275
79 185 -31.858143 0.002608
79 186 -31.714852 0.020967
79 187 -33.027838 0.022308
79 188 -32.371308 0.002701
79 189 -33.581955 0.020081
79 190 -32.833533 0.003447
79 191 -33.797904 0.004926
79 192 -32.772116 0.015827
79 193 -33.404821 0.008674
79 194 -32.211936 0.002118
79 195 -32.567031 0.001119
79 196 -31.138706 0.002962
79 197 -31.139738 0.000542
79 198 -29.580781 0.000540
79 199 -29.093741 0.000542
79 200 -27.240092 0.026717
79 201 -26.400714 0.003218
79 202 -24.352979 0.023287
79 203 -23.143436 0.003083
80 172 -1.058744 0.150079
80 174 -6.641009 0.019211
80 175 -7.972576 0.072896
80 176 -11.784950 0.011119
80 177 -12.782542 0.075056
80 178 -16.315901 0.010770
80 179 -16.928134 0.027267
80 180 -20.250447 0.012649
80 181 -20.661136 0.015382
80 182 -23.576922 0.009790
80 183 -23.804674 0.007084
80 184 -26.348965 0.010062
80 185 -26.183666 0.013639
80 186 -28.539097 0.011650
80 187 -28.117930 0.013905
80 188 -30.201914 0.012275
80 189 -29.626401 0.031553
80 190 -31.370697 0.015907
80 191 -30.591896 0.022280
80 192 -32.011553 0.015537
80 193 -31.062179 0.015505
80 194 -32.183945 0.002888
80 195 -31.013393 0.023142
80 196 -31.825941 0.002946
80 197 -30.540229 0.003207
80 198 -30.954310 0.000458
80 199 -29.546068 0.000526
80 200 -29.503270 0.000529
80 201 -27.662542 0.000711
80 202 -27.345324 0.000705
80 203 -25.269265 0.001627
80 204 -24.690145 0.000498
80 205 -22.287740 0.003654
80 206 -20.945801 0.020440
80 207 -16.487444 0.029808
80 208 -13.265406 0.030739
81 176 0.581594 0.075086
81 177 -3.340526 0.021629
81 179 -8.268495 0.038793
81 180 -9.386647 0.060010
81 181 -12.798735 0.009108
81 182 -13.327927 0.011839
81 183 -16.587257 0.009331
81 184 -16.883242 0.010020
81 185 -19.757741 0.020674
81 186 -19.886613 0.022356
81 187 -22.444587 0.008048
81 188 -22.336400 0.029904
81 189 -24.616100 0.008368
81 190 -24.372027 0.007948
81 191 -26.282945 0.007349
81 192 -25.872246 0.031671
81 193 -27.477212 0.006707
81 194 -26.937491 0.013972
81 195 -28.155248 0.011093
81 196 -27.496592 0.012109
81 197 -28.341649 0.016325
81 198 -27.528746 0.007545
81 199 -28.059394 0.027945
81 200 -27.047230 0.005759
81 201 -27.180838 0.014185
81 202 -25.980216 0.001606
81 203 -25.761377 0.001166
81 204 -24.346145 0.001152
81 205 -23.820874 0.001237
81 206 -22.253367 0.001284
81 207 -21.034451 0.005439
81 208 -16.750132 0.001854
81 209 -13.644757 0.006110
81 210 -9.246969 0.011604
81 211 -6.077998 0.041917
81 213 1.783811 0.027013
82 178 3.574294 0.023963
82 179 2.050639 0.075590
82 180 -1.941380 0.012396
82 181 -3.117350 0.075411
82 182 -6.825112 0.012098
82 183 -7.575218 0.028151
82 184 -11.051522 0.012806
82 185 -11.541220 0.016175
82 186 -14.682026 0.011363
82 187 -14.986959 0.005094
82 188 -17.815202 0.010622
82 189 -17.844035 0.014062
82 190 -20.416645 0.012514
82 191 -20.231118 0.037260
82 192 -22.556020 0.013295
82 193 -22.194490 0.049577
82 194 -24.207940 0.017435
82 195 -23.707693 0.017960
82 196 -25.348312 0.007710
82 197 -24.745401 0.004804
82 198 -26.067489 0.008750
82 199 -25.231804 0.009996
82 200 -26.251054 0.010927
82 201 -25.271036 0.013747
82 202 -25.940614 0.003796
82 203 -24.786557 0.006554
82 204 -25.109892 0.001146
82 205 -23.770239 0.001144
82 206 -23.785584 0.001144
82 207 -22.452047 0.001147
82 208 -21.748598 0.001148
82 209 -17.614646 0.001747
82 210 -14.728502 0.001447
82 211 -10.492948 0.002261
82 212 -7.548850 0.001842
82 213 -3.203532 0.006954
82 214 -0.182769 0.001975
82 215 4.342244 0.052448
83 184 1.063068 0.078110
83 186 -3.146212 0.016857
83 187 -6.383271 0.010005
83 188 -7.194687 0.011187
83 189 -10.064660 0.020851
83 190 -10.599579 0.022562
83 191 -13.239347 0.007487
83 192 -13.534535 0.030112
83 193 -15.884559 0.007576
83 194 -16.028811 0.006178
83 195 -18.025561 0.005287
83 196 -18.009031 0.024428
83 197 -19.687191 0.008333
83 198 -19.369486 0.027945
83 199 -20.797566 0.010568
83 200 -20.370755 0.022321
83 201 -21.416433 0.015183
83 202 -20.741484 0.015396
83 203 -21.524827 0.012778
83 204 -20.645896 0.009180
83 205 -21.064504 0.005111
83 206 -20.028278 0.007632
83 207 -20.054627 0.002397
83 208 -18.870223 0.002304
83 209 -18.258662 0.001364
83 210 -14.791979 0.001363
83 211 -11.859131 0.005442
83 212 -8.117954 0.001854
83 213 -5.231635 0.005082
83 214 -1.200753 0.011209
83 215 1.629322 0.005624
83 216 5.873991 0.011178
83 217 8.729962 0.017698
83 218 13.216037 0.027013
84 186 4.100974 0.018286
84 187 2.828597 0.031898
84 188 -0.544313 0.019973
84 189 -1.422005 0.022059
84 190 -4.563837 0.013465
84 191 -5.068735 0.007103
84 192 -8.070661 0.011110
84 193 -8.325318 0.014531
84 194 -11.004655 0.012911
84 195 -11.056259 0.037364
84 196 -13.473042 0.013512
84 197 -13.357990 0.049679
84 198 -15.473352 0.017424
84 199 -15.208483 0.018060
84 200 -16.941761 0.007579
84 201 -16.521185 0.004942
84 202 -17.941616 0.008670
84 203 -17.310889 0.008655
84 204 -18.341244 0.011013
84 205 -17.521398 0.010059
84 206 -18.188674 0.004012
84 207 -17.145775 0.006659
84 208 -17.469596 0.001737
84 209 -16.366092 0.001778
84 210 -15.953137 0.001146
84 211 -12.432571 0.001255
84 212 -10.369487 0.001152
84 213 -6.653584 0.003053
84 214 -4.470046 0.001449
84 215 -0.541706 0.002121
84 216 1.782420 0.001816
84 217 5.883518 0.006544
84 218 8.356901 0.001973
84 219 12.681359 0.015835
84 220 15.263461 0.017698
84 221 19.773755 0.019561
84 222 22.486265 0.040054
85 191 3.863917 0.016103
85 192 2.925854 0.027876
85 193 -0.067320 0.021632
85 194 -0.720163 0.024931
85 195 -3.470295 0.009573
85 196 -3.914677 0.030284
85 197 -6.355250 0.007983
85 198 -6.714513 0.005868
85 199 -8.823372 0.005384
85 200 -8.987892 0.024465
85 201 -10.789438 0.008184
85 202 -10.590732 0.027977
85 203 -12.162557 0.010576
85 204 -11.875433 0.022288
85 205 -12.971946 0.015085
85 206 -12.429718 0.015056
85 207 -13.227416 0.012406
85 208 -12.469871 0.008921
85 209 -12.882613 0.005102
85 210 -11.972177 0.007695
85 211 -11.647264 0.002729
85 212 -8.628221 0.002384
85 213 -6.579595 0.004898
85 214 -3.379831 0.004298
85 215 -1.255756 0.006799
85 216 2.256666 0.003575
85 217 4.394635 0.005001
85 218 8.098162 0.011604
85 219 10.396076 0.003237
85 220 14.375747 0.013972
85 221 16.782727 0.013972
85 222 20.953026 0.015835
85 223 23.428006 0.013972
85 224 27.711015 0.022356
86 193 9.042911 0.025112
86 194 5.723495 0.016899
86 195 5.050281 0.050502
86 196 1.970991 0.014417
86 197 1.510353 0.016193
86 198 -1.230358 0.013420
86 199 -1.499451 0.037588
86 200 -4.004765 0.013681
86 201 -4.072324 0.049732
86 202 -6.274635 0.017520
86 203 -6.153699 0.018179
86 204 -7.970193 0.007444
86 205 -7.709786 0.005080
86 206 -9.132965 0.008591
86 207 -8.634762 0.008497
86 208 -9.655591 0.011138
86 209 -8.941049 0.009960
86 210 -9.604770 0.004557
86 211 -8.755404 0.006813
86 212 -8.659608 0.003145
86 213 -5.696026 0.003370
86 214 -4.319742 0.009187
86 215 -1.168561 0.007672
86 216 0.252868 0.005994
86 217 3.658501 0.004198
86 218 5.217347 0.002316
86 219 8.829402 0.002100
86 220 10.612077 0.001815
86 221 14.471420 0.005714
86 222 16.372206 0.001950
86 223 20.389739 0.007822
86 224 22.445098 0.009814
86 225 26.534141 0.011140
86 226 28.747192 0.010477
86 227 32.885834 0.014091
86 228 35.243465 0.017677
86 229 39.362400 0.013041
87 197 10.253971 0.054404
87 198 9.574024 0.032222
87 199 6.771393 0.013726
87 200 6.132498 0.030611
87 201 3.588577 0.009080
87 202 3.096237 0.007040
87 203 0.876417 0.006232
87 204 0.607310 0.024581
87 205 -1.309813 0.007824
87 206 -1.242416 0.028195
87 207 -2.844341 0.017505
87 208 -2.665919 0.011834
87 209 -3.769572 0.014648
87 210 -3.333205 0.015154
87 211 -4.140249 0.011991
87 212 -3.515968 0.008775
87 213 -3.552848 0.005091
87 214 -0.958707 0.008634
87 215 0.318065 0.007066
87 216 2.970950 0.004173
87 217 4.314590 0.006531
87 218 7.059117 0.004757
87 219 8.617767 0.007039
87 220 11.482320 0.004028
87 221 13.277290 0.004886
87 222 16.378105 0.007452
87 223 18.382394 0.001932
87 224 21.748616 0.011178
87 225 23.820610 0.011967
87 226 27.520539 0.006230
87 227 29.682445 0.005898
87 228 33.384221 0.006732
87 229 35.668262 0.005001
87 230 39.486768 0.006541
87 231 42.080575 0.007731
87 232 46.072834 0.013972
87 233 48.920051 0.019561
88 201 11.936801 0.020301
88 202 9.074861 0.015018
88 203 8.661726 0.038124
88 204 6.056787 0.015273
88 205 5.838991 0.070521
88 206 3.565539 0.018008
88 207 3.544485 0.053202
88 208 1.727856 0.009023
88 209 1.858219 0.005747
88 210 0.442792 0.009193
88 211 0.832023 0.007918
88 212 -0.198968 0.011263
88 213 0.345557 0.009818
88 214 0.092734 0.005250
88 215 2.533739 0.007613
88 216 3.291077 0.008737
88 217 5.889656 0.007202
88 218 6.651170 0.011176
88 219 9.394282 0.008258
88 220 10.270245 0.008237
88 221 12.963811 0.004630
88 222 14.320188 0.004454
88 223 17.233309 0.002090
88 224 18.825917 0.001813
88 225 21.993109 0.002596
88 226 23.667824 0.001933
88 227 27.177711 0.001952
88 228 28.940268 0.001996
88 229 32.561963 0.015441
88 230 34.516306 0.010296
88 231 38.216486 0.011370
88 232 40.496953 0.009151
88 233 44.334060 0.008603
88 234 46.930629 0.008383
89 205 14.106693 0.050818
89 206 13.479452 0.050493
89 207 11.146233 0.050387
89 208 10.753235 0.055716
89 209 8.843809 0.050608
89 210 8.789699 0.057402
89 211 7.202214 0.052976
89 212 7.277298 0.051381
89 213 6.154692 0.015272
89 214 6.443854 0.015360
89 215 6.030615 0.012406
89 216 8.144395 0.010840
89 217 8.703673 0.011389
89 218 10.843609 0.050740
89 219 11.569480 0.050497
89 220 13.743682 0.006129
89 221 14.523109 0.050425
89 222 16.621474 0.005174
89 223 17.825882 0.007110
89 224 20.234135 0.004089
89 225 21.637346 0.004758
89 226 24.309264 0.003100
89 227 25.849580 0.001927
89 228 28.894728 0.002094
89 229 30.689933 0.012109
89 230 33.838383 0.015835
89 231 35.762849 0.013041
89 232 39.154419 0.013041
89 233 41.308033 0.013041
89 234 44.841190 0.013972
89 235 47.357155 0.013972
89 236 51.220992 0.038191
90 208 16.683730 0.034190
90 210 14.059446 0.018909
90 211 13.910171 0.073010
90 212 12.110808 0.010109
90 213 12.120086 0.009217
90 214 10.694885 0.010661
90 215 10.921586 0.008840
90 216 10.298332 0.012042
90 217 12.205780 0.010614
90 218 12.366741 0.010516
90 219 14.471390 0.050576
90 220 14.669100 0.022166
90 221 16.940371 0.008166
90 222 17.203111 0.012279
90 223 19.385831 0.009212
90 224 19.993734 0.010120
90 225 22.310127 0.005093
90 226 23.197634 0.004481
90 227 25.804823 0.002088
90 228 26.770984 0.001807
90 229 29.585583 0.002405
90 230 30.862593 0.001210
90 231 33.815891 0.001218
90 232 35.446784 0.001422
90 233 38.731715 0.001425
90 234 40.613009 0.002589
90 235 44.017749 0.013041
90 236 46.255198 0.013972
90 237 49.955092 0.015835
91 212 21.593358 0.074862
91 213 19.662625 0.071142
91 214 19.485515 0.076125
91 215 17.863939 0.072845
91 216 17.799214 0.053526
91 217 17.068410 0.015918
91 218 18.683770 0.018329
91 219 18.540131 0.051516
91 221 20.376288 0.051281
91 223 22.320676 0.071063
91 224 23.862278 0.007587
91 225 24.340725 0.071012
91 226 26.033276 0.011420
91 227 26.831198 0.007420
91 228 28.923586 0.004340
91 229 29.896908 0.003280
91 230 32.173607 0.003038
91 231 33.424404 0.001772
91 232 35.946633 0.007645
91 233 37.489472 0.001336
91 234 40.338921 0.004094
91 235 42.288896 0.013972
91 236 45.333950 0.013972
91 237 47.527619 0.013041
91 238 50.894038 0.015835
92 215 24.923087 0.088490
92 216 23.066351 0.028093
92 218 21.894608 0.013714
92 219 23.286569 0.050775
92 221 24.519995 0.051114
92 222 24.272827 0.051994
92 223 25.837006 0.071119
92 224 25.722252 0.023171
92 225 27.379921 0.010909
92 226 27.328869 0.012999
92 227 29.045462 0.009705
92 228 29.222226 0.014354
92 229 31.210554 0.005938
92 230 31.615002 0.004509
92 231 33.806015 0.002670
92 232 34.609530 0.001809
92 233 36.919176 0.002255
92 234 38.145025 0.001130
92 235 40.918846 0.001117
92 236 42.444644 0.001113
92 237 45.390194 0.001203
92 238 47.307783 0.001493
92 239 50.572718 0.001503
92 240 52.715505 0.002553
93 219 29.456655 0.088354
93 225 31.587704 0.071622
93 227 32.562080 0.072506
93 228 33.595694 0.050572
93 229 33.779675 0.086848
93 230 35.236291 0.051288
93 231 35.624513 0.050547
93 233 37.948590 0.050981
93 234 39.954871 0.008397
93 235 41.043108 0.001389
93 236 43.378178 0.050421
93 237 44.871659 0.001120
93 238 47.454656 0.001138
93 239 49.311057 0.001311
93 240 52.316272 0.017032
93 241 54.260175 0.070719
93 242 57.416932 0.200004
94 228 36.087370 0.029143
94 229 37.395590 0.051176
94 230 36.934392 0.014824
94 231 38.309005 0.022549
94 232 38.363140 0.017595
94 233 40.051769 0.050351
94 234 40.349971 0.006798
94 235 42.182410 0.020521
94 236 42.901593 0.001811
94 237 45.091722 0.001697
94 238 46.163213 0.001139
94 239 48.588282 0.001113
94 240 50.125380 0.001106
94 241 52.955175 0.001106
94 242 54.716932 0.001245
94 243 57.754602 0.002542
94 244 59.806028 0.002346
94 245 63.178179 0.013620
94 246 65.394801 0.014985
95 229 42.150020 0.087348
95 235 44.625429 0.052192
95 238 48.421487 0.050700
95 239 49.390424 0.001982
95 240 51.510169 0.013832
95 241 52.934395 0.001114
95 242 55.468072 0.001119
95 243 57.175046 0.001388
95 244 59.879196 0.001492
95 245 61.900469 0.001887
96 233 47.294006 0.071547
96 234 46.724633 0.017394
96 236 47.855045 0.018315
96 237 49.247085 0.070960
96 238 49.445188 0.012234
96 239 51.147025 0.054047
96 240 51.724306 0.001906
96 241 53.701830 0.001608
96 242 54.803764 0.001142
96 243 57.181998 0.001496
96 244 58.451896 0.001107
96 245 61.004580 0.001150
96 246 62.616967 0.001526
96 247 65.533143 0.003797
96 248 67.392755 0.002358
96 249 70.750702 0.002371
96 250 72.989594 0.010274
96 251 76.648018 0.022698
97 243 58.689693 0.004524
97 244 60.713885 0.014399
97 245 61.813836 0.001793
97 246 63.966967 0.060019
97 247 65.489562 0.005189
97 249 69.846384 0.001249
97 250 72.949978 0.003719
97 251 75.228018 0.010734
98 237 57.938921 0.087287
98 240 57.990944 0.018700
98 242 59.386966 0.012892
98 244 61.478179 0.002618
98 245 63.385210 0.002428
98 246 64.090292 0.001515
98 247 66.103903 0.015334
98 248 67.238012 0.005121
98 249 69.722784 0.001183
98 250 71.170391 0.001538
98 251 74.135018 0.003901
98 252 76.034617 0.002358
98 253 79.301567 0.004257
98 254 81.341401 0.011462
99 247 68.578388 0.019441
99 251 74.512277 0.005994
99 252 77.294617 0.050056
99 253 79.010538 0.001250
99 254 81.990594 0.004010
99 255 84.089274 0.010817
100 246 70.188833 0.015333
100 248 71.897857 0.008497
100 249 73.519188 0.006212
100 250 74.072243 0.007888
100 251 75.953919 0.015203
100 252 76.815627 0.005498
100 253 79.345740 0.002932
100 254 80.902794 0.002414
100 255 83.799654 0.004291
100 256 85.486817 0.005600
100 257 88.590033 0.004486
101 251 78.966744 0.018919
101 255 84.843070 0.006553
101 257 88.993053 0.001601
101 258 91.686792 0.004419
102 252 82.871427 0.009292
102 253 84.358735 0.006912
102 254 84.723347 0.009658
102 255 86.807234 0.014904
102 256 87.822062 0.007743
102 257 90.247256 0.006678
102 259 94.078569 0.006589
103 255 89.947300 0.017698
103 256 91.746598 0.082903
104 256 94.222049 0.017848
104 257 95.866427 0.010817
104 258 96.341036 0.031967
104 261 101.318594 0.050444
105 259 101.991016 0.053040
106 260 106.547552 0.020536
106 261 108.005043 0.018494
106 262 108.365771 0.035411
108 264 119.563222 0.028881
108 265 120.900283 0.023958
108 266 121.136373 0.038695
110 269 134.834709 0.031403
110 270 134.678282 0.048011
