    1    0   1.00866491580
    0    1   1.00782503222
    1    1   2.01410177807
    2    1   3.01604928195
    1    2   3.01602932261
    0    3   3.03077499992
    3    1   4.02643186793
    2    2   4.00260325412
    1    3   4.02718556193
    4    1   5.03531149291
    3    2   5.01205722397
    2    3   5.01253779997
    1    4   5.03986999990
    5    1   6.04495543689
    4    2   6.01888589095
    3    3   6.01512288738
    2    4   6.01972640895
    1    5   6.05079999987
    6    1   7.05274899987
    5    2   7.02799065393
    4    3   7.01600343662
    3    4   7.01692871696
    2    5   7.02971199992
    6    2   8.03393438991
    5    3   8.02248624594
    4    4   8.00530510199
    3    5   8.02460731594
    2    6   8.03764304190
    7    2   9.04394641889
    6    3   9.02679019093
    5    4   9.01218306597
    4    5   9.01332964897
    3    6   9.03103720692
    8    2  10.05281530787
    7    3  10.03548345291
    6    4  10.01353469497
    5    5  10.01293686197
    4    6  10.01685321796
    3    7  10.04165354289
    8    3  11.04372358089
    7    4  11.02166108095
    6    5  11.00930516598
    5    6  11.01143259697
    4    7  11.02609094493
    9    3  12.05261394087
    8    4  12.02692208293
    7    5  12.01435263796
    6    6  12.00000000000
    5    7  12.01861318195
    4    8  12.03426174691
   10    3  13.06117150285
    9    4  13.03613450691
    8    5  13.01777998096
    7    6  13.00335483520
    6    7  13.00573860899
    5    8  13.02481543694
   10    4  14.04289291989
    9    5  14.02540401194
    8    6  14.00324198842
    7    7  14.00307400445
    6    8  14.00859670598
    5    9  14.03431519891
   11    4  15.05349021486
   10    5  15.03108795292
    9    6  15.01059925597
    8    7  15.00010889894
    7    8  15.00306561799
    6    9  15.01778513896
    5   10  15.04317297989
   12    4  16.06167203584
   11    5  16.03984191990
   10    6  16.01470125596
    9    7  16.00610192498
    8    8  15.99491461709
    7    9  16.01146572297
    6   10  16.02575086393
   12    5  17.04693139888
   11    6  17.02257867194
   10    7  17.00844887698
    9    8  16.99913175412
    8    9  17.00209523799
    7   10  17.01771395896
    6   11  17.03775999990
   13    5  18.05560168186
   12    6  18.02675193193
   11    7  18.01407756496
   10    8  17.99915961032
    9    9  18.00093732500
    8   10  18.00570869299
    7   11  18.02687938593
   14    5  19.06416599984
   13    6  19.03479759591
   12    7  19.01702241896
   11    8  19.00357796999
   10    9  18.99840316036
    9   10  19.00188090300
    8   11  19.01388027196
    7   12  19.03416918191
   15    5  20.07348399981
   14    6  20.04026173190
   13    7  20.02336729494
   12    8  20.00407535799
   11    9  19.99998124948
   10   10  19.99244017368
    9   11  20.00735442598
    8   12  20.01876307495
   16    5  21.08301699979
   15    6  21.04899999988
   14    7  21.02708757293
   13    8  21.00865494998
   12    9  20.99994889148
   11   10  20.99384668249
   10   11  20.99765469948
    9   12  21.01170576397
    8   13  21.02897499993
   16    6  22.05755398985
   15    7  22.03410091791
   14    8  22.00996574597
   13    9  22.00299880899
   12   10  21.99138510650
   11   11  21.99443741549
   10   12  21.99957065148
    9   13  22.01953999995
    8   14  22.03578999991
   17    6  23.06888999983
   16    7  23.03942099990
   15    8  23.01569668596
   14    9  23.00352687399
   13   10  22.99446689749
   12   11  22.98976927949
   11   12  22.99412393849
   10   13  23.00724435098
    9   14  23.02543999994
   17    7  24.05038999987
   16    8  24.01986099995
   15    9  24.00809936998
   14   10  23.99361064249
   13   11  23.99096300850
   12   12  23.98504169451
   11   13  23.99994753848
   10   14  24.01153544097
    9   15  24.03576999991
   18    7  25.06009999985
   17    8  25.02933891893
   16    9  25.01216772697
   15   10  24.99781479648
   14   11  24.98995397050
   13   12  24.98583696151
   12   13  24.99042830350
   11   14  25.00410880099
   10   15  25.02118999995
   18    8  26.03721015491
   17    9  26.02002039195
   16   10  26.00051649600
   15   11  25.99263464649
   14   12  25.98259296852
   13   13  25.98689186051
   12   14  25.99233380149
   11   15  26.01177999997
   10   16  26.02906999993
   19    8  27.04795499988
   18    9  27.02732199993
   17   10  27.00756946198
   16   11  26.99407640549
   15   12  26.98434062551
   14   13  26.98153840552
   13   14  26.98670468551
   12   15  26.99922440648
   11   16  27.01827999995
   20    8  28.05590999986
   19    9  28.03622309491
   18   10  28.01213076697
   17   11  27.99893899748
   16   12  27.98387660352
   15   13  27.98191008452
   14   14  27.97692653252
   13   15  27.99232658249
   12   16  28.00437276599
   11   17  28.02953999993
   20    9  29.04310299989
   19   10  29.01975299995
   18   11  29.00287709199
   17   12  28.98861739050
   16   13  28.98045316152
   15   14  28.97649466278
   14   15  28.98180036552
   13   16  28.99661144548
   12   17  29.01413017796
   21    9  30.05164999987
   20   10  30.02499223494
   19   11  30.00909793198
   18   12  29.99046282350
   17   13  29.98296838552
   16   14  29.97377013354
   15   15  29.97831348653
   14   16  29.98490676651
   13   17  30.00476999999
   12   18  30.02247051094
   22    9  31.06027199985
   21   10  31.03347481592
   20   11  31.01314665597
   19   12  30.99664822948
   18   13  30.98394975352
   17   14  30.97536319154
   16   15  30.97376199617
   15   16  30.97955700453
   14   17  30.99244809549
   13   18  31.01215799997
   22   10  32.03971999990
   21   11  32.02001102595
   20   12  31.99911013648
   19   13  31.98808433651
   18   14  31.97415153654
   17   15  31.97390764054
   16   16  31.97207117198
   15   17  31.98568463451
   14   18  31.99763782348
   13   19  32.02264999994
   23   10  33.04937999988
   22   11  33.02552899994
   21   12  33.00532724499
   20   13  32.99087768450
   19   14  32.97797696153
   18   15  32.97172569155
   17   16  32.97145890740
   16   17  32.97745198653
   15   18  32.98992554450
   14   19  33.00755999998
   24   10  34.05672799986
   23   11  34.03400999991
   22   12  34.00893548098
   21   13  33.99677905448
   20   14  33.97857543453
   19   15  33.97364588454
   18   16  33.96786700956
   17   17  33.97376248854
   16   18  33.98027009053
   15   19  33.99868999748
   14   20  34.01486999996
   24   11  35.04104299990
   23   12  35.01678999996
   22   13  34.99975981448
   21   14  34.98455013151
   20   15  34.97331405054
   19   16  34.96903231955
   18   17  34.96885269155
   17   18  34.97525771854
   16   19  34.98800540451
   15   20  35.00513999999
   25   11  36.04970799987
   24   12  36.02187899994
   23   13  36.00638799998
   22   14  35.98664926851
   21   15  35.97825961653
   20   16  35.96708069656
   19   17  35.96830681956
   18   18  35.96754510256
   17   19  35.98130200752
   16   20  35.99307440349
   15   21  36.01647999996
   26   11  37.05747099985
   25   12  37.03028626492
   24   13  37.01053099997
   23   14  36.99294518849
   22   15  36.97960695353
   21   16  36.97112550455
   20   17  36.96590258156
   19   18  36.96677631156
   18   19  36.97337588654
   17   20  36.98589784951
   16   21  37.00377899999
   26   12  38.03657999991
   25   13  38.01740199996
   24   14  37.99552299749
   23   15  37.98430310251
   22   16  37.97116330755
   21   17  37.96801041556
   20   18  37.96273210157
   19   19  37.96908111355
   18   20  37.97631922354
   17   21  37.99543799749
   16   22  38.01166899997
   27   12  39.04538399989
   26   13  39.02216899994
   25   14  39.00249099999
   24   15  38.98628586251
   23   16  38.97513384954
   22   17  38.96800815956
   21   18  38.96431303657
   20   19  38.96370648418
   19   20  38.97071081055
   18   21  38.98478496751
   17   22  39.00236199999
   28   12  40.05190599987
   27   13  40.02961899993
   26   14  40.00582899999
   25   15  39.99128886250
   24   16  39.97548255954
   23   17  39.97041546655
   22   18  39.96238312135
   21   19  39.96399816357
   20   20  39.96259086257
   19   21  39.97796728953
   18   22  39.99049871850
   17   23  40.01306499997
   28   13  41.03587799991
   27   14  41.01301099997
   26   15  40.99465399749
   25   16  40.97959344853
   24   17  40.97068452255
   23   18  40.96450056856
   22   19  40.96182525553
   21   20  40.96227791857
   20   21  40.96925110155
   19   22  40.98314799752
   18   23  41.00034400000
   29   13  42.04304899989
   28   14  42.01768099996
   27   15  42.00108400000
   26   16  41.98106509752
   25   17  41.97334199754
   24   18  41.96304573357
   23   19  41.96240230357
   22   20  41.95861782558
   21   21  41.96551651956
   20   22  41.97304901954
   19   23  41.99181999750
   18   24  42.00722499998
   30   13  43.05047799987
   29   14  43.02479999994
   28   15  43.00502399999
   27   16  42.98690763251
   26   17  42.97406369754
   25   18  42.96563605256
   24   19  42.96073470057
   23   20  42.95876642758
   22   21  42.96115046957
   21   22  42.96852251855
   20   23  42.98076599752
   19   24  42.99788499748
   30   14  44.03060999992
   29   15  44.01121899997
   28   16  43.99011884550
   27   17  43.97811630953
   26   18  43.96492381356
   25   19  43.96158698357
   24   20  43.95548154059
   23   21  43.95940286458
   22   22  43.95968994858
   21   23  43.97410999754
   20   24  43.98565699751
   19   25  44.00754699998
   31   14  45.04024699990
   30   15  45.01674699996
   29   16  44.99571699749
   28   17  44.98039435052
   27   18  44.96803973056
   26   19  44.96069149057
   25   20  44.95618632359
   24   21  44.95590750059
   23   22  44.95812120858
   22   23  44.96576894856
   21   24  44.97904999753
   20   25  44.99436399749
   19   26  45.01477399996
   31   15  46.02465899994
   30   16  46.00036500000
   29   17  45.98512132051
   28   18  45.96803744356
   27   19  45.96198158357
   26   20  45.95368798559
   25   21  45.95516748259
   24   22  45.95262685359
   23   23  45.96019796858
   22   24  45.96836096756
   21   25  45.98650599751
   20   26  46.00097700000
   32   15  47.03189499992
   31   16  47.00791199998
   30   17  46.98950099750
   29   18  46.97276811154
   28   19  46.96166161157
   27   20  46.95454139159
   26   21  46.95240270160
   25   22  46.95175774960
   24   23  46.95490403559
   23   24  46.96289554157
   22   25  46.97577399754
   21   26  46.99262499749
   20   27  47.01113299997
   32   16  48.01369999997
   31   17  47.99540499749
   30   18  47.97607999754
   29   19  47.96534118356
   28   20  47.95252290160
   27   21  47.95222315460
   26   22  47.94794092961
   25   23  47.95225122660
   24   24  47.95402866459
   23   25  47.96854908255
   22   26  47.98067599752
   21   27  48.00161000000
   20   28  48.01802799995
   33   16  49.02264399994
   32   17  49.00100900000
   31   18  48.98154599752
   30   19  48.96821075256
   29   20  48.95566287259
   28   21  48.95001442060
   27   22  48.94786462461
   26   23  48.94851074361
   25   24  48.95133295260
   24   25  48.95961258258
   23   26  48.97342899754
   22   27  48.98939299750
   21   28  49.00880299998
   33   17  50.00830899998
   32   18  49.98568999751
   31   19  49.97238001454
   30   20  49.95749921458
   29   21  49.95217641260
   28   22  49.94478583661
   27   23  49.94715584261
   26   24  49.94604144061
   25   25  49.95423738859
   24   26  49.96298799757
   23   27  49.98107299752
   22   28  49.99557699749
   34   17  51.01534099996
   33   18  50.99281799749
   32   19  50.97582786454
   31   20  50.96099566257
   30   21  50.95359209259
   29   22  50.94660959761
   28   23  50.94395686462
   27   24  50.94476464961
   26   25  50.94820806261
   25   26  50.95684077658
   24   27  50.97064699755
   23   28  50.98722499751
   34   18  51.99862599748
   33   19  51.98160199752
   32   20  51.96321364557
   31   21  51.95658234858
   30   22  51.94689195761
   29   23  51.94477283661
   28   24  51.94050498963
   27   25  51.94556348561
   26   26  51.94811521461
   25   27  51.96311199757
   24   28  51.97602799754
   23   29  51.99755199748
   35   18  53.00728999998
   34   19  52.98679999751
   33   20  52.96845099755
   32   21  52.95823181858
   31   22  52.94972478260
   30   23  52.94433559062
   29   24  52.94064695863
   28   25  52.94128773962
   27   26  52.94530557161
   26   27  52.95420321459
   25   28  52.96818999756
   24   29  52.98575399751
   35   19  53.99462999749
   34   20  53.97298899754
   33   21  53.96361661757
   32   22  53.95102278360
   31   23  53.94643746961
   30   24  53.93887800963
   29   25  53.94035642663
   28   26  53.93960830363
   27   27  53.94845918961
   26   28  53.95783299758
   25   29  53.97701499753
   24   30  53.99326699749
   36   19  55.00076000000
   35   20  54.98029999752
   34   21  54.96762259856
   33   22  54.95526746259
   32   23  54.94724111161
   31   24  54.94083728662
   30   25  54.93804316963
   29   26  54.93829128063
   28   27  54.94199652862
   27   28  54.95132995860
   26   29  54.96603799756
   25   30  54.98435799751
   37   19  56.00850999998
   36   20  55.98507999751
   35   21  55.97331999754
   34   22  55.95778818758
   33   23  55.95045069160
   32   24  55.94064910463
   31   25  55.93890294463
   30   26  55.93493561464
   29   27  55.93983814763
   28   28  55.94212786962
   27   29  55.95851499758
   26   30  55.97274299754
   25   31  55.99636099748
   37   20  56.99261999749
   36   21  56.97745999753
   35   22  56.96359006557
   34   23  56.95232019460
   33   24  56.94361240662
   32   25  56.93828596563
   31   26  56.93539213164
   30   27  56.93628991064
   29   28  56.93979152263
   28   29  56.94921181660
   27   30  56.96505599756
   26   31  56.98388599752
   38   20  57.99793999748
   37   21  57.98402999752
   36   22  57.96660199756
   35   23  57.95662692958
   34   24  57.94418449962
   33   25  57.94006664363
   32   26  57.93327373564
   31   27  57.93575142664
   30   28  57.93534177764
   29   29  57.94453241062
   28   30  57.95459042559
   27   31  57.97472899754
   26   32  57.99239899749
   38   21  58.98893999750
   37   22  58.97261399754
   36   23  58.95938565658
   35   24  58.94837780761
   34   25  58.94039111063
   33   26  58.93487364664
   32   27  58.93319365364
   31   28  58.93434556864
   30   29  58.93949684163
   29   30  58.94931201460
   28   31  58.96375699757
   27   32  58.98296299752
   39   21  59.99564999749
   38   22  59.97602799754
   37   23  59.96431328757
   36   24  59.94989814360
   35   25  59.94313657362
   34   26  59.93407040864
   33   27  59.93381566464
   32   28  59.93078525365
   31   29  59.93736391363
   30   30  59.94184144762
   29   31  59.95749799758
   28   32  59.97091799755
   27   33  59.99412799749
   40   21  61.00100000000
   39   22  60.98244799752
   38   23  60.96724999756
   37   24  60.95440096059
   36   25  60.94445254162
   35   26  60.93674624163
   34   27  60.93247614265
   33   28  60.93105494265
   32   29  60.93345736864
   31   30  60.93950695763
   30   31  60.94939885660
   29   32  60.96418699757
   28   33  60.98185699752
   40   22  61.98658099751
   39   23  61.97264999754
   38   24  61.95609744859
   37   25  61.94790738361
   36   26  61.93679180963
   35   27  61.93405831464
   34   28  61.92834486866
   33   29  61.93259491865
   32   30  61.93433347464
   31   31  61.94418975462
   30   32  61.95518999759
   29   33  61.97389099754
   41   22  62.99382699749
   40   23  62.97649999753
   39   24  62.96134438157
   38   25  62.94966467260
   37   26  62.94027269763
   36   27  62.93359974164
   35   28  62.92966913665
   34   29  62.92959723365
   33   30  62.93321116464
   32   31  62.93929419263
   31   32  62.94962799760
   30   33  62.96403599757
   42   22  63.99889999748
   41   23  63.98247999752
   40   24  63.96405799757
   39   25  63.95384936759
   38   26  63.94098776062
   37   27  63.93581028864
   36   28  63.92796633866
   35   29  63.92976385465
   34   30  63.92914176965
   33   31  63.93684036263
   32   32  63.94168991062
   31   33  63.95755999758
   30   34  63.97133599755
   42   23  64.98735399751
   41   24  64.96970499755
   40   25  64.95601974759
   39   26  64.94501532161
   38   27  64.93646207064
   37   28  64.93008469465
   36   29  64.92778948466
   35   30  64.92924052965
   34   31  64.93273439265
   33   32  64.93936813463
   32   33  64.94961099760
   31   34  64.96455199756
   43   23  65.99397699749
   42   24  65.97346199754
   41   25  65.96054683157
   40   26  65.94624995761
   39   27  65.93944294263
   38   28  65.92913933165
   37   29  65.92886881165
   36   30  65.92603370166
   35   31  65.93158982965
   34   32  65.93386212364
   33   33  65.94414877662
   32   34  65.95527599759
   44   23  66.99930199748
   43   24  66.97994599753
   42   25  66.96407899757
   41   26  66.95103547960
   40   27  66.94060962563
   39   28  66.93156941165
   38   29  66.92772952366
   37   30  66.92712747966
   36   31  66.92820238166
   35   32  66.93273361765
   34   33  66.93925110863
   33   34  66.94999399760
   32   35  66.96479799756
   44   24  67.98411199752
   43   25  67.96953299755
   42   26  67.95331487259
   41   27  67.94425013262
   40   28  67.93186878665
   39   29  67.92961088665
   38   30  67.92484428866
   37   31  67.92798021866
   36   32  67.92809530566
   35   33  67.93677412763
   34   34  67.94182523662
   33   35  67.95835599758
   45   24  68.99078899750
   44   25  68.97340799754
   43   26  68.95809999758
   42   27  68.94602309961
   41   28  68.93561026564
   40   29  68.92942926565
   39   30  68.92655041566
   38   31  68.92557352866
   37   32  68.92796446866
   36   33  68.93224629165
   35   34  68.93941484463
   34   35  68.95033841060
   33   36  68.96517999756
   46   24  69.99519099749
   45   25  69.97906599753
   44   26  69.96080499757
   43   27  69.94994099760
   42   28  69.93643130064
   41   29  69.93239207665
   40   30  69.92531917866
   39   31  69.92602191466
   38   32  69.92424870367
   37   33  69.93092614865
   36   34  69.93351552064
   35   35  69.94479232061
   34   36  69.95587699759
   46   25  70.98328499752
   45   26  70.96625899756
   44   27  70.95236692060
   43   28  70.94051896163
   42   29  70.93267682965
   41   30  70.92771957766
   40   31  70.92470253367
   39   32  70.92495228166
   38   33  70.92711375566
   37   34  70.93220942965
   36   35  70.93934215363
   35   36  70.95026569360
   34   37  70.96558199756
   47   25  71.98937199750
   46   26  71.96947899755
   45   27  71.95684399758
   44   28  71.94178592362
   43   29  71.93582030464
   42   30  71.92684280466
   41   31  71.92636743166
   40   32  71.92207582367
   39   33  71.92675229266
   38   34  71.92714050466
   37   35  71.93659460464
   36   36  71.94209240462
   35   37  71.95885099758
   47   26  72.97541599754
   46   27  72.95982999758
   45   28  72.94620668061
   44   29  72.93667437564
   43   30  72.92958257965
   42   31  72.92517467966
   41   32  72.92345895367
   40   33  72.92382908667
   39   34  72.92675488066
   38   35  72.93167161865
   37   36  72.93928919263
   36   37  72.95052899760
   35   38  72.96569999756
   48   26  73.97896899753
   47   27  73.96476599756
   46   28  73.94797999761
   45   29  73.93987485963
   44   30  73.92940725965
   43   31  73.92694572366
   42   32  73.92117775967
   41   33  73.92392859567
   40   34  73.92247593267
   39   35  73.92991027865
   38   36  73.93308401464
   37   37  73.94426586562
   36   38  73.95616999759
   49   26  74.98535699751
   48   27  74.96816999756
   47   28  74.95273199759
   46   29  74.94152260362
   45   30  74.93284024364
   44   31  74.92650024366
   43   32  74.92285836867
   42   33  74.92159455967
   41   34  74.92252286867
   40   35  74.92581056766
   39   36  74.93094574365
   38   37  74.93857319863
   37   38  74.94995276760
   36   39  74.96583999756
   49   27  75.97368699754
   48   28  75.95530799759
   47   29  75.94527502261
   46   30  75.93311495464
   45   31  75.92882762265
   44   32  75.92140272367
   43   33  75.92239200767
   42   34  75.91921370168
   41   35  75.92454157467
   40   36  75.92591072366
   39   37  75.93507302964
   38   38  75.94176275862
   37   39  75.95868999758
   50   27  76.97743999753
   49   28  76.96049399757
   48   29  76.94779999761
   47   30  76.93688719663
   46   31  76.92915429765
   45   32  76.92354984167
   44   33  76.92064756168
   43   34  76.91991414768
   42   35  76.92137919167
   41   36  76.92466999767
   40   37  76.93040159765
   39   38  76.93794545263
   38   39  76.95014599760
   37   40  76.96560399756
   50   28  77.96361799757
   49   29  77.95222999760
   48   30  77.93828920263
   47   31  77.93160884265
   46   32  77.92285290967
   45   33  77.92182779267
   44   34  77.91730924068
   43   35  77.92114585667
   42   36  77.92036633868
   41   37  77.92814186566
   40   38  77.93217997765
   39   39  77.94398999762
   38   40  77.95614599759
   51   28  78.97040199755
   50   29  78.95518999759
   49   30  78.94263806562
   48   31  78.93285229864
   47   32  78.92536012666
   46   33  78.92094844267
   45   34  78.91849924868
   44   35  78.91833759868
   43   36  78.92008294268
   42   37  78.92398986167
   41   38  78.92970766165
   40   39  78.93792999763
   39   40  78.94978999760
   38   41  78.96602199756
   52   28  79.97570599754
   51   29  79.96113799757
   50   30  79.94455292762
   49   31  79.93642077164
   48   32  79.92535077166
   47   33  79.92247454567
   46   34  79.91652178269
   45   35  79.91852980768
   44   36  79.91637804569
   43   37  79.92251644167
   42   38  79.92451753767
   41   39  79.93435475264
   40   40  79.94164199762
   39   41  79.95875399758
   52   29  80.96626899756
   51   30  80.95040261660
   50   31  80.93813383963
   49   32  80.92883293965
   48   33  80.92213228767
   47   34  80.91799304168
   46   35  80.91628820369
   45   36  80.91658971169
   44   37  80.91899392468
   43   38  80.92321139167
   42   39  80.92945428065
   41   40  80.93831399763
   40   41  80.95022999760
   39   42  80.96591499756
   53   29  81.97281799754
   52   30  81.95457409659
   51   31  81.94317653062
   50   32  81.92977403065
   49   33  81.92473873067
   48   34  81.91669953469
   47   35  81.91680175769
   46   36  81.91348115289
   45   37  81.91820902168
   44   38  81.91839984468
   43   39  81.92693018566
   42   40  81.93168899765
   41   41  81.94407899762
   40   42  81.95666099758
   53   30  82.96104099757
   52   31  82.94712029861
   51   32  82.93453909864
   50   33  82.92520689866
   49   34  82.91911860668
   48   35  82.91517528669
   47   36  82.91412651569
   46   37  82.91511417969
   45   38  82.91755437168
   44   39  82.92248402267
   43   40  82.92924092265
   42   41  82.93821099763
   41   42  82.95025199760
   40   43  82.96637699756
   54   30  83.96572199756
   53   31  83.95266999759
   52   32  83.93757508863
   51   33  83.92930328865
   50   34  83.91846675968
   49   35  83.91649641669
   48   36  83.91149772633
   47   37  83.91437522269
   46   38  83.91341911769
   45   39  83.92067105868
   44   40  83.92332565967
   43   41  83.93427899764
   42   42  83.94184599762
   41   43  83.95952699758
   55   30  84.97291399754
   54   31  84.95721999758
   53   32  84.94296965662
   52   33  84.93216365665
   51   34  84.92226075667
   50   35  84.91564575669
   49   36  84.91252725970
   48   37  84.91178973530
   47   38  84.91293204070
   46   39  84.91643303669
   45   40  84.92144319567
   44   41  84.92884583465
   43   42  84.93826073463
   42   43  84.95077799760
   41   44  84.96677399756
   55   31  85.96341399757
   54   32  85.94696699761
   53   33  85.93670153064
   52   34  85.92431173067
   51   35  85.91880543068
   50   36  85.91061062397
   49   37  85.91116744070
   48   38  85.90926072401
   47   39  85.91488609569
   46   40  85.91629681269
   45   41  85.92578153266
   44   42  85.93117481465
   43   43  85.94463699762
   42   44  85.95730499758
   56   31  86.96859899755
   55   32  86.95267999759
   54   33  86.94029171563
   53   34  86.92868861566
   52   35  86.92067401568
   51   36  86.91335475669
   50   37  86.90918052870
   49   38  86.90887749386
   48   39  86.91087609970
   47   40  86.91481733669
   46   41  86.92069246968
   45   42  86.92819619866
   44   43  86.93806718463
   43   44  86.95113199760
   56   32  87.95690999758
   55   33  87.94554999761
   54   34  87.93141748865
   53   35  87.92408328867
   52   36  87.91444787869
   51   37  87.91131558870
   50   38  87.90561225332
   49   39  87.90950127370
   48   40  87.91022070670
   47   41  87.91822428468
   46   42  87.92196777867
   45   43  87.93378237864
   44   44  87.94166399762
   43   45  87.96042899758
   57   32  88.96378999757
   56   33  88.94975999760
   55   34  88.93666905664
   54   35  88.92670455666
   53   36  88.91783544768
   52   37  88.91227813470
   51   38  88.90745080571
   50   39  88.90584120271
   49   40  88.90888232971
   48   41  88.91344526969
   47   42  88.91946814768
   46   43  88.92764864766
   45   44  88.93745499763
   44   45  88.95076699760
   58   32  89.96862999755
   57   33  89.95562999759
   56   34  89.94009599763
   55   35  89.93129284765
   54   36  89.91952792768
   53   37  89.91479880069
   52   38  89.90773088271
   51   39  89.90714479771
   50   40  89.90469875572
   49   41  89.91125920170
   48   42  89.91393126969
   47   43  89.92407391867
   46   44  89.93034437665
   45   45  89.94449799762
   44   46  89.95736999758
   58   33  90.96038999758
   57   34  90.94569999761
   56   35  90.93439861564
   55   36  90.92380630767
   54   37  90.91653726269
   53   38  90.91019595570
   52   39  90.90729806371
   51   40  90.90564022071
   50   41  90.90699027171
   49   42  90.91174519270
   48   43  90.91842497268
   47   44  90.92674152966
   46   45  90.93712299763
   45   46  90.95069199760
   59   33  91.96673999756
   58   34  91.94983999760
   57   35  91.93963159463
   56   36  91.92617309166
   55   37  91.91972847868
   54   38  91.91103822170
   53   39  91.90894574271
   52   40  91.90503531972
   51   41  91.90718856571
   50   42  91.90680715271
   49   43  91.91526977669
   48   44  91.92023437268
   47   45  91.93236769165
   46   46  91.94140599762
   45   47  91.96013899758
   59   34  92.95628999759
   58   35  92.94321999762
   57   36  92.93114717165
   56   37  92.92203932267
   55   38  92.91402430869
   54   39  92.90957841970
   53   40  92.90647064371
   52   41  92.90637315871
   51   42  92.90680877071
   50   43  92.91024514670
   49   44  92.91710444168
   48   45  92.92591277866
   47   46  92.93665999764
   46   47  92.95032999760
   60   34  93.96048999757
   59   35  93.94911399760
   58   36  93.93414045164
   57   37  93.92639481566
   56   38  93.91535564069
   55   39  93.91159206070
   54   40  93.90631252171
   53   41  93.90727898971
   52   42  93.90508358971
   51   43  93.90965232270
   50   44  93.91134286070
   49   45  93.92173045067
   48   46  93.92903628965
   47   47  93.94373599762
   46   48  93.95690799758
   61   34  94.96729999756
   60   35  94.95300999759
   59   36  94.93971092063
   58   37  94.92926256565
   57   38  94.91935583768
   56   39  94.91281870870
   55   40  94.90804026471
   54   41  94.90683111271
   53   42  94.90583743971
   52   43  94.90765228471
   51   44  94.91040441770
   50   45  94.91589789269
   49   46  94.92488850966
   48   47  94.93601999764
   47   48  94.94993999760
   61   35  95.95902999758
   60   36  95.94301661562
   59   37  95.93413339064
   58   38  95.92171268967
   57   39  95.91590295069
   56   40  95.90827761871
   55   41  95.90810158871
   54   42  95.90467477172
   53   43  95.90786667871
   52   44  95.90758891171
   51   45  95.91445170769
   50   46  95.91821374168
   49   47  95.93074390365
   48   48  95.94033999763
   47   49  95.95932299758
   62   35  96.96343999757
   61   36  96.94908878160
   60   37  96.93717711563
   59   38  96.92637477366
   58   39  96.91828028368
   57   40  96.91095738370
   56   41  96.90809841171
   55   42  96.90601690071
   54   43  96.90636072071
   53   44  96.90754577671
   52   45  96.91132787370
   51   46  96.91647198469
   50   47  96.92396532367
   49   48  96.93509999764
   48   49  96.94933999760
   63   35  97.96967199755
   62   36  97.95242999760
   61   37  97.94163231462
   60   38  97.92869185766
   59   39  97.92238835767
   58   40  97.91273512170
   57   41  97.91033264770
   56   42  97.90540360571
   55   43  97.90721120271
   54   44  97.90528671071
   53   45  97.91070773770
   52   46  97.91269833470
   51   47  97.92155996967
   50   48  97.92738931466
   49   49  97.94213999762
   63   36  98.95838999758
   62   37  98.94511918961
   61   38  98.93288050864
   60   39  98.92415428567
   59   40  98.91667083269
   58   41  98.91160936870
   57   42  98.90770729571
   56   43  98.90624967571
   55   44  98.90593027571
   54   45  98.90812468771
   53   46  98.91177328770
   52   47  98.91764576568
   51   48  98.92492584466
   50   49  98.93410999764
   49   50  98.94852999761
   64   36  99.96236999757
   63   37  99.95035172860
   62   38  99.93577961264
   61   39  99.92772106066
   60   40  99.91800544168
   59   41  99.91433396069
   58   42  99.90746797371
   57   43  99.90765270871
   56   44  99.90421044972
   55   45  99.90811413871
   54   46  99.90852031271
   53   47  99.91611544269
   52   48  99.92034881768
   51   49  99.93095717765
   50   50  99.93850419363
   65   36 100.96872999755
   64   37 100.95400399759
   63   38 100.94060626363
   62   39 100.93015413565
   61   40 100.92145310767
   60   41 100.91530649369
   59   42 100.91033763870
   58   43 100.90730525771
   57   44 100.90557307271
   56   45 100.90615890271
   55   46 100.90828482571
   54   47 100.91268395070
   53   48 100.91858620868
   52   49 100.92633999766
   51   50 100.93525924164
   65   37 101.95951999758
   64   38 101.94400467762
   63   39 101.93432788664
   62   40 101.92314742867
   61   41 101.91808369468
   60   42 101.91028813570
   59   43 101.90920727270
   58   44 101.90434029772
   57   45 101.90683426771
   56   46 101.90563205571
   55   47 101.91170453770
   54   48 101.91448179669
   53   49 101.92410591367
   52   50 101.93028952765
   66   37 102.96391999757
   65   38 102.94908999760
   64   39 102.93724320563
   63   40 102.92719723766
   62   41 102.91945340068
   61   42 102.91308513769
   60   43 102.90917400570
   59   44 102.90631483071
   58   45 102.90549406571
   57   46 102.90611083771
   56   47 102.90896055771
   55   48 102.91341692069
   54   49 102.91987861068
   53   50 102.92810195966
   52   51 102.93968999763
   66   38 103.95264999759
   65   39 103.94195999762
   64   40 103.92944231265
   63   41 103.92289911267
   62   42 103.91374075369
   61   43 103.91142890270
   60   44 103.90542535771
   59   45 103.90664529271
   58   46 103.90403039872
   57   47 103.90862372271
   56   48 103.90985622770
   55   49 103.91821453768
   54   50 103.92310519467
   53   51 103.93647449964
   67   38 104.95854999758
   66   39 104.94495899761
   65   40 104.93401488764
   64   41 104.92494256166
   63   42 104.91697515668
   62   43 104.91165794970
   61   44 104.90774552271
   60   45 104.90568780371
   59   46 104.90507948471
   58   47 104.90652560471
   57   48 104.90946389270
   56   49 104.91450232169
   55   50 104.92126842067
   54   51 104.93127654665
   53   52 104.94330450562
   68   38 105.96265099757
   67   39 105.95055999760
   66   40 105.93714399763
   65   41 105.92892776565
   64   42 105.91826621568
   63   43 105.91435669469
   62   44 105.90732820071
   61   45 105.90728589871
   60   46 105.90348029072
   59   47 105.90666350471
   58   48 105.90645979471
   57   49 105.91346360069
   56   50 105.91695739368
   55   51 105.92863797966
   54   52 105.93749852363
   69   38 106.96897499755
   68   39 106.95451999759
   67   40 106.94162099762
   66   41 106.93158966965
   65   42 106.92211268967
   64   43 106.91545848269
   63   44 106.90996988270
   62   45 106.90674797171
   61   46 106.90512806171
   60   47 106.90509152871
   59   48 106.90661210571
   58   49 106.91029006870
   57   50 106.91571364869
   56   51 106.92415062167
   55   52 106.93500835364
   54   53 106.94693499761
   69   39 107.95995999758
   68   40 107.94486999761
   67   41 107.93607498564
   66   42 107.92404036467
   65   43 107.91849353868
   64   44 107.91018583870
   63   45 107.90871468571
   62   46 107.90389180272
   61   47 107.90595026371
   60   48 107.90418358472
   59   49 107.90969365270
   58   50 107.91189428970
   57   51 107.92222673167
   56   52 107.92938046865
   55   53 107.94347831862
   70   39 108.96435799757
   69   40 108.95040999760
   68   41 108.93914099763
   67   42 108.92843110366
   66   43 108.92025415368
   65   44 108.91332375369
   64   45 108.90874932371
   63   46 108.90595057171
   62   47 108.90475577072
   61   48 108.90498669572
   60   49 108.90714968271
   59   50 108.91129284070
   58   51 108.91814120168
   57   52 108.92730453166
   56   53 108.93808602263
   55   54 108.95043494560
   70   40 109.95395999759
   69   41 109.94384299762
   68   42 109.93071067765
   67   43 109.92374130967
   66   44 109.91403854569
   65   45 109.91107973970
   64   46 109.90517286571
   63   47 109.90611071671
   62   48 109.90300745772
   61   49 109.90717066271
   60   50 109.90784483271
   59   51 109.91685428369
   58   52 109.92245810167
   57   53 109.93508903064
   56   54 109.94425876262
   71   40 110.95967799758
   70   41 110.94752999761
   69   42 110.93565201364
   68   43 110.92589901366
   67   44 110.91756761368
   66   45 110.91164252870
   65   46 110.90769034471
   64   47 110.90529681371
   63   48 110.90418376372
   62   49 110.90510723071
   61   50 110.90774112371
   60   51 110.91321818669
   59   52 110.92100058667
   58   53 110.93026923665
   57   54 110.94160398662
   56   55 110.95402999759
   72   40 111.96370299757
   71   41 111.95246999760
   70   42 111.93830999763
   69   43 111.92994164165
   68   44 111.91880696968
   67   45 111.91440470269
   66   46 111.90732998371
   65   47 111.90704854771
   64   48 111.90276388072
   63   49 111.90553870171
   62   50 111.90482487472
   61   51 111.91239990070
   60   52 111.91672784769
   59   53 111.92800454766
   58   54 111.93555906864
   57   55 111.95030533860
   72   41 112.95650999759
   71   42 112.94364999762
   70   43 112.93256903065
   69   44 112.92284639367
   68   45 112.91543956469
   67   46 112.91026126470
   66   47 112.90657285571
   65   48 112.90440809472
   64   49 112.90406044572
   63   50 112.90517584271
   62   51 112.90937464970
   61   52 112.91589099769
   60   53 112.92365006167
   59   54 112.93322166364
   58   55 112.94442848562
   57   56 112.95728999758
   73   41 113.96200999757
   72   42 113.94652999761
   71   43 113.93708999763
   70   44 113.92461377767
   69   45 113.91872129368
   68   46 113.91036877770
   67   47 113.90882302871
   66   48 113.90336498772
   65   49 113.90491639972
   64   50 113.90278012972
   63   51 113.90928918870
   62   52 113.91208899770
   61   53 113.92184999767
   60   54 113.92798032866
   59   55 113.94129617262
   58   56 113.95071849260
   74   41 114.96633999756
   73   42 114.95195999760
   72   43 114.93953799763
   71   44 114.92894239065
   70   45 114.92031099068
   69   46 114.91365871569
   68   47 114.90876736071
   67   48 114.90543741471
   66   49 114.90387877072
   65   50 114.90334469472
   64   51 114.90659799771
   63   52 114.91190199770
   62   53 114.91804799768
   61   54 114.92629394266
   60   55 114.93590999764
   59   56 114.94737499761
   74   42 115.95544799759
   73   43 115.94475999761
   72   44 115.93121919065
   71   45 115.92406164267
   70   46 115.91429720769
   69   47 115.91138680970
   68   48 115.90476322772
   67   49 115.90525998971
   66   50 115.90174282172
   65   51 115.90679258071
   64   52 115.90845999771
   63   53 115.91680865569
   62   54 115.92158110967
   61   55 115.93339499764
   60   56 115.94140599762
   59   57 115.95636499759
   75   42 116.96116999757
   74   43 116.94805999761
   73   44 116.93613499764
   72   45 116.92603562066
   71   46 116.91795494168
   70   47 116.91177397170
   69   48 116.90722603571
   68   49 116.90451570972
   67   50 116.90295401472
   66   51 116.90484153272
   65   52 116.90864631071
   64   53 116.91364831169
   63   54 116.92035875768
   62   55 116.92861672366
   61   56 116.93831655863
   60   57 116.95011099760
   76   42 117.96496999756
   75   43 117.95298999759
   74   44 117.93852899763
   73   45 117.93034044065
   72   46 117.91906684468
   71   47 117.91459548469
   70   48 117.90692195271
   69   49 117.90635665671
   68   50 117.90160660672
   67   51 117.90553217171
   66   52 117.90585383671
   65   53 117.91307399769
   64   54 117.91617867769
   63   55 117.92655951666
   62   56 117.93305999764
   61   57 117.94679499761
   76   43 118.95665999758
   75   44 118.94356999762
   74   45 118.93255694965
   73   46 118.92334045667
   72   47 118.91557029069
   71   48 118.90984690070
   70   49 118.90585094171
   69   50 118.90331121372
   68   51 118.90394550972
   67   52 118.90640714571
   66   53 118.91007399770
   65   54 118.91541071069
   64   55 118.92237732767
   63   56 118.93065968365
   62   57 118.94118099762
   61   58 118.95282799759
   77   43 119.96186999757
   76   44 119.94630999761
   75   45 119.93685999763
   74   46 119.92455125567
   73   47 119.91878476468
   72   48 119.90986806470
   71   49 119.90796680271
   70   50 119.90220187072
   69   51 119.90507962171
   68   52 119.90405951172
   67   53 119.91008746270
   66   54 119.91178426770
   65   55 119.92067727668
   64   56 119.92604499766
   63   57 119.93819599763
   62   58 119.94675199761
   78   43 120.96588299756
   77   44 120.95163999760
   76   45 120.93961299763
   75   46 120.92895034065
   74   47 120.92012527968
   73   48 120.91296366069
   72   49 120.90785128371
   71   50 120.90424278972
   70   51 120.90381009072
   69   52 120.90494248572
   68   53 120.90740525271
   67   54 120.91145301170
   66   55 120.91722723568
   65   56 120.92405228667
   64   57 120.93323599764
   63   58 120.94343499762
   62   59 120.95553199759
   78   44 121.95474999759
   77   45 121.94408999762
   76   46 121.93063169165
   75   47 121.92366444567
   74   48 121.91345904969
   73   49 121.91028096370
   72   50 121.90344399872
   71   51 121.90516807171
   70   52 121.90304343172
   69   53 121.90758881771
   68   54 121.90836765571
   67   55 121.91610814269
   66   56 121.91990399768
   65   57 121.93070999765
   64   58 121.93786999763
   63   59 121.95192699760
   79   44 122.96019299758
   78   45 122.94700999761
   77   46 122.93512599764
   76   47 122.92533705966
   75   48 122.91689245069
   74   49 122.91043382370
   73   50 122.90572544371
   72   51 122.90421401372
   71   52 122.90426974472
   70   53 122.90558851771
   69   54 122.90848174771
   68   55 122.91299605969
   67   56 122.91878105968
   66   57 122.92629999766
   65   58 122.93527999764
   64   59 122.94607599761
   80   44 123.96354199757
   79   45 123.95180899760
   78   46 123.93731599763
   77   47 123.92893122665
   76   48 123.91765736068
   75   49 123.91318226069
   74   50 123.90527668971
   73   51 123.90593578671
   72   52 123.90281706172
   71   53 123.90620901871
   70   54 123.90589158571
   69   55 123.91225779570
   68   56 123.91509362669
   67   57 123.92457427267
   66   58 123.93030999765
   65   59 123.94293999762
   64   60 123.95219999760
   80   45 124.95491099759
   79   46 124.94189999762
   78   47 124.93073499765
   77   48 124.92125757467
   76   49 124.91360458869
   75   50 124.90778643971
   74   51 124.90525298471
   73   52 124.90442989772
   72   53 124.90462933072
   71   54 124.90639404771
   70   55 124.90972786470
   69   56 124.91447184069
   68   57 124.92081592968
   67   58 124.92843999766
   66   59 124.93779899763
   65   60 124.94889999760
   81   45 125.95995699758
   80   46 125.94432599762
   79   47 125.93485699764
   78   48 125.92242912467
   77   49 125.91650734169
   76   50 125.90765883371
   75   51 125.90725303371
   74   52 125.90331086372
   73   53 125.90562331071
   72   54 125.90429679172
   71   55 125.90944565270
   70   56 125.91125020170
   69   57 125.91951266468
   68   58 125.92397099767
   67   59 125.93523999764
   66   60 125.94310999762
   65   61 125.95775599758
   82   45 126.96346699757
   81   46 126.94934999760
   80   47 126.93726199763
   79   48 126.92619662166
   78   49 126.91744854368
   77   50 126.91039039870
   76   51 126.90692427471
   75   52 126.90522571171
   74   53 126.90447183572
   73   54 126.90518289671
   72   55 126.90741737871
   71   56 126.91109127270
   70   57 126.91637508169
   69   58 126.92272699767
   68   59 126.93070999765
   67   60 126.94037999763
   66   61 126.95191999760
   82   46 127.95223799760
   81   47 127.94136299762
   80   48 127.92781285466
   79   49 127.92040105068
   78   50 127.91050719470
   77   51 127.90914564270
   76   52 127.90446130872
   75   53 127.90580859771
   74   54 127.90353099372
   73   55 127.90774864571
   72   56 127.90834240571
   71   57 127.91559212069
   70   58 127.91891099768
   69   59 127.92879099766
   68   60 127.93524999764
   67   61 127.94869999760
   66   62 127.95848599758
   83   46 128.95962399758
   82   47 128.94419699762
   81   48 128.93230439665
   80   49 128.92180548367
   79   50 128.91348209969
   78   51 128.90914669370
   77   52 128.90659648971
   76   53 128.90498368472
   75   54 128.90478085664
   74   55 128.90606568771
   73   56 128.90868089371
   72   57 128.91269447270
   71   58 128.91810199768
   70   59 128.92509499766
   69   60 128.93310199764
   68   61 128.94322999762
   67   62 128.95491099759
   83   47 129.95094199760
   82   48 129.93438756364
   81   49 129.92497728566
   80   50 129.91397453069
   79   51 129.91166268570
   78   52 129.90622274471
   77   53 129.90667020871
   76   54 129.90350934672
   75   55 129.90670928071
   74   56 129.90632087171
   73   57 129.91236941070
   72   58 129.91473599769
   71   59 129.92358999767
   70   60 129.92850599766
   69   61 129.94052999763
   68   62 129.94899999760
   67   63 129.96383999757
   84   47 130.95664999758
   83   48 130.94071999762
   82   49 130.92697211966
   81   50 130.91705306368
   80   51 130.91198933870
   79   52 130.90852220871
   78   53 130.90612638171
   77   54 130.90508413371
   76   55 130.90546499671
   75   56 130.90694117871
   74   57 130.91006999770
   73   58 130.91442946269
   72   59 130.92023495768
   71   60 130.92724801766
   70   61 130.93595199764
   69   62 130.94617999761
   68   63 130.95784199758
   85   47 131.96372499757
   84   48 131.94603999761
   83   49 131.93299844664
   82   50 131.91782389968
   81   51 131.91450801269
   80   52 131.90854671371
   79   53 131.90799351171
   78   54 131.90415508469
   77   55 131.90643774071
   76   56 131.90506109571
   75   57 131.91011895670
   74   58 131.91146384370
   73   59 131.91923999768
   72   60 131.92332123467
   71   61 131.93383999764
   70   62 131.94086999762
   69   63 131.95469599759
   85   48 132.95284999759
   84   49 132.93830999763
   83   50 132.92391375367
   82   51 132.91527212769
   81   52 132.91096332970
   80   53 132.90782735871
   79   54 132.90591074771
   78   55 132.90545195871
   77   56 132.90600732271
   76   57 132.90821799771
   75   58 132.91152039970
   74   59 132.91633055869
   73   60 132.92234799767
   72   61 132.92978199765
   71   62 132.93855999763
   70   63 132.94928999760
   69   64 132.96150299757
   86   48 133.95821799758
   85   49 133.94453999762
   84   50 133.92868043066
   83   51 133.92053567268
   82   52 133.91139637670
   81   53 133.90977566070
   80   54 133.90539303071
   79   55 133.90671850071
   78   56 133.90450839672
   77   57 133.90851400871
   76   58 133.90892813971
   75   59 133.91569672669
   74   60 133.91879020768
   73   61 133.92835299766
   72   62 133.93410999764
   71   63 133.94639999761
   70   64 133.95565999759
   86   49 134.95004999760
   85   50 134.93490860264
   84   51 134.92518435466
   83   52 134.91655471569
   82   53 134.91005937970
   81   54 134.90723165871
   80   55 134.90597723171
   79   56 134.90568860371
   78   57 134.90698456571
   77   58 134.90916079670
   76   59 134.91311177169
   75   60 134.91818131768
   74   61 134.92479599767
   73   62 134.93251999765
   72   63 134.94186999762
   71   64 134.95234499760
   70   65 134.96475999756
   87   49 135.95651099759
   86   50 135.93998999763
   85   51 135.93074900865
   84   52 135.92010117968
   83   53 135.91460469269
   82   54 135.90721447371
   81   55 135.90731158771
   80   56 135.90457595672
   79   57 135.90763495971
   78   58 135.90712943571
   77   59 135.91267752970
   76   60 135.91497606169
   75   61 135.92359594667
   74   62 135.92827555266
   73   63 135.93961999763
   72   64 135.94729999761
   71   65 135.96121299757
   88   49 136.96238299757
   87   50 136.94654999761
   86   51 136.93552251964
   85   52 136.92559935466
   84   53 136.91802817768
   83   54 136.91155777070
   82   55 136.90708946171
   81   56 136.90582737271
   80   57 136.90645061571
   79   58 136.90776259371
   78   59 136.91067930170
   77   60 136.91456244569
   76   61 136.92047951968
   75   62 136.92697051466
   74   63 136.93543071964
   73   64 136.94501999761
   72   65 136.95601999759
   88   50 137.95183999760
   87   51 137.94179199762
   86   52 137.92947245165
   85   53 137.92272639167
   84   54 137.91414626869
   83   55 137.91101720470
   82   56 137.90524722671
   81   57 137.90711783171
   80   58 137.90598874071
   79   59 137.91075205670
   78   60 137.91194971470
   77   61 137.91954807468
   76   62 137.92324398767
   75   63 137.93370899764
   74   64 137.94009599763
   73   65 137.95311999759
   72   66 137.96249999757
   89   50 138.95873299758
   88   51 138.94654999761
   87   52 138.93536719064
   86   53 138.92649340066
   85   54 138.91879220068
   84   55 138.91336398969
   83   56 138.90884133171
   82   57 138.90635880171
   81   58 138.90665762271
   80   59 138.90894326771
   79   60 138.91195440470
   78   61 138.91679980369
   77   62 138.92229663167
   76   63 138.92979230765
   75   64 138.93812999763
   74   65 138.94832999761
   73   66 138.95958999758
   89   51 139.95282999759
   88   52 139.93926291463
   87   53 139.93171591465
   86   54 139.92164581467
   85   55 139.91728330268
   84   56 139.91060666370
   83   57 139.90948318170
   82   58 139.90544642171
   81   59 139.90908358970
   80   60 139.90954432970
   79   61 139.91603411969
   78   62 139.91899471468
   77   63 139.92808763466
   76   64 139.93367399764
   75   65 139.94580504661
   74   66 139.95401999759
   73   67 139.96858899755
   90   51 140.95801399758
   89   52 140.94579999761
   88   53 140.93566608164
   87   54 140.92678718166
   86   55 140.92004508368
   85   56 140.91440349769
   84   57 140.91096921970
   83   58 140.90828398471
   82   59 140.90765840071
   81   60 140.90961548570
   80   61 140.91355508169
   79   62 140.91848158868
   78   63 140.92493174266
   77   64 140.93212599765
   76   65 140.94144799762
   75   66 140.95127999760
   74   67 140.96310799757
   90   52 141.95021999760
   89   53 141.94120199762
   88   54 141.92997309565
   87   55 141.92429950967
   86   56 141.91643288569
   85   57 141.91409045169
   84   58 141.90924988170
   83   59 141.91005043770
   82   60 141.90772889271
   81   61 141.91289042570
   80   62 141.91520452969
   79   63 141.92344183367
   78   64 141.92811599766
   77   65 141.93928085663
   76   66 141.94619399761
   75   67 141.96000999758
   74   68 141.96990899755
   91   52 142.95675999758
   90   53 142.94564599761
   89   54 142.93536955064
   88   55 142.92734734566
   87   56 142.92062514768
   86   57 142.91607941969
   85   58 142.91239162770
   84   59 142.91082256170
   83   60 142.90981988470
   82   61 142.91093807070
   81   62 142.91463481869
   80   63 142.92029867868
   79   64 142.92675067966
   78   65 142.93513733264
   77   66 142.94399433262
   76   67 142.95485999759
   75   68 142.96644099756
   91   53 143.95138999760
   90   54 143.93894507663
   89   55 143.93207540165
   88   56 143.92295481867
   87   57 143.91964558668
   86   58 143.91365282769
   85   59 143.91331074769
   84   60 143.91009286270
   83   61 143.91259622170
   82   62 143.91200637070
   81   63 143.91881951468
   80   64 143.92296299767
   79   65 143.93304499764
   78   66 143.93926951163
   77   67 143.95210971160
   76   68 143.96069999757
   75   69 143.97610399754
   92   53 144.95604999759
   91   54 144.94471963161
   90   55 144.93552892764
   89   56 144.92751839766
   88   57 144.92180806367
   87   58 144.91726514168
   86   59 144.91451803069
   85   60 144.91257919670
   84   61 144.91275577070
   83   62 144.91341724169
   82   63 144.91627266569
   81   64 144.92171036767
   80   65 144.92872910266
   79   66 144.93747399163
   78   67 144.94726739161
   77   68 144.95787399758
   76   69 144.97038899755
   92   54 145.94851824561
   91   55 145.94062186763
   90   56 145.93027642865
   89   57 145.92587146566
   88   58 145.91880206268
   87   59 145.91767954668
   86   60 145.91312250069
   85   61 145.91470228369
   84   62 145.91304687869
   83   63 145.91721090668
   82   64 145.91831854568
   81   65 145.92725276566
   80   66 145.93284452664
   79   67 145.94499350361
   78   68 145.95241835660
   77   69 145.96666099756
   93   54 146.95452499759
   92   55 146.94426151262
   91   56 146.93530389764
   90   57 146.92841779766
   89   58 146.92268990067
   88   59 146.91900745568
   87   60 146.91610600769
   86   61 146.91514463569
   85   62 146.91490406169
   84   63 146.91675227369
   83   64 146.91910098468
   82   65 146.92405461767
   81   66 146.93108271265
   80   67 146.94014229263
   79   68 146.94996445560
   78   69 146.96137988757
   94   54 147.95856099758
   93   55 147.94963902660
   92   56 147.93817057563
   91   57 147.93267939765
   90   58 147.92442419367
   89   59 147.92213001267
   88   60 147.91689909069
   87   61 147.91748125268
   86   62 147.91482900969
   85   63 147.91808929168
   84   64 147.91812150068
   83   65 147.92427532067
   82   66 147.92714976966
   81   67 147.93774392563
   80   68 147.94473502661
   79   69 147.95838402658
   78   70 147.96743899756
   94   55 148.95356899759
   93   56 148.94297299762
   92   57 148.93535125764
   91   58 148.92842689766
   90   59 148.92373609767
   89   60 148.92015464568
   88   61 148.91834165568
   87   62 148.91719137268
   86   63 148.91793708368
   85   64 148.91934782868
   84   65 148.92325375067
   83   66 148.92732544566
   82   67 148.93381966964
   81   68 148.94230599762
   80   69 148.95288999759
   79   70 148.96435999757
   95   55 149.95902299758
   94   56 149.94642999761
   93   57 149.93974199763
   92   58 149.93038403265
   91   59 149.92667641266
   90   60 149.92090152267
   89   61 149.92099021467
   88   62 149.91728219268
   87   63 149.91970722668
   86   64 149.91866406368
   85   65 149.92366486167
   84   66 149.92559307766
   83   67 149.93349835564
   82   68 149.93791552563
   81   69 149.95008999760
   80   70 149.95851999758
   79   71 149.97354799754
   96   55 150.96325299757
   95   56 150.95175499760
   94   57 150.94276899762
   93   58 150.93427219764
   92   59 150.92830911166
   91   60 150.92383956267
   90   61 150.92121681467
   89   62 150.91993906368
   88   63 150.91985685768
   87   64 150.92035510668
   86   65 150.92310899867
   85   66 150.92619125066
   84   67 150.93169817465
   83   68 150.93744856463
   82   69 150.94549319861
   81   70 150.95540245559
   80   71 150.96767699756
   97   55 151.96894199755
   96   56 151.95522199759
   95   57 151.94708499761
   94   58 151.93668199764
   93   59 151.93155289765
   92   60 151.92469150667
   91   61 151.92350547867
   90   62 151.91973903768
   89   63 151.92175123267
   88   64 151.91979881968
   87   65 151.92408226067
   86   66 151.92472536067
   85   67 151.93171746265
   84   68 151.93505016664
   83   69 151.94447599762
   82   70 151.95032669760
   81   71 151.96411999757
   97   56 152.96084799757
   96   57 152.95055299760
   95   58 152.94105199762
   94   59 152.93390352964
   93   60 152.92771794666
   92   61 152.92415643367
   91   62 152.92210396667
   90   63 152.92123704067
   89   64 152.92175735667
   88   65 152.92344197567
   87   66 152.92577198966
   86   67 152.93020662965
   85   68 152.93508427664
   84   69 152.94205724162
   83   70 152.94931999760
   82   71 152.95880505158
   81   72 152.97069199755
   98   56 153.96476599756
   97   57 153.95541599759
   96   58 153.94393999762
   95   59 153.93762173563
   94   60 153.92933397465
   93   61 153.92644936166
   92   62 153.92221616167
   91   63 153.92298595267
   90   64 153.92087339568
   89   65 153.92468410367
   88   66 153.92442902567
   87   67 153.93060683865
   86   68 153.93279074064
   85   69 153.94157006462
   84   70 153.94639569861
   83   71 153.95736399758
   82   72 153.96492699756
   98   57 154.95927999758
   97   58 154.94870599760
   96   59 154.94050925663
   95   60 154.93313566564
   94   61 154.92813702166
   93   62 154.92464704867
   92   63 154.92290009967
   91   64 154.92262979367
   90   65 154.92350991867
   89   66 154.92575845666
   88   67 154.92910363165
   87   68 154.93321568164
   86   69 154.93920957563
   85   70 154.94578321461
   84   71 154.95432600859
   83   72 154.96331699757
   82   73 154.97431199754
   99   57 155.96451899756
   98   58 155.95188399760
   97   59 155.94463999762
   96   60 155.93507886564
   95   61 155.93111748765
   94   62 155.92553850866
   93   63 155.92476328267
   92   64 155.92213055967
   91   65 155.92475442767
   90   66 155.92428403567
   89   67 155.92970543365
   88   68 155.93106588765
   87   69 155.93898559463
   86   70 155.94281689062
   85   71 155.95308660359
   84   72 155.95940188658
   83   73 155.97223699755
   99   58 156.95713299758
   98   59 156.94788999761
   97   60 156.93938603463
   96   61 156.93312136764
   95   62 156.92841867066
   94   63 156.92543278866
   93   64 156.92396786767
   92   65 156.92403232567
   91   66 156.92546966466
   90   67 156.92825199666
   89   68 156.93192265265
   88   69 156.93697299763
   87   70 156.94264922762
   86   71 156.95014404260
   85   72 156.95823599758
   84   73 156.96823024856
   83   74 156.97909799753
  100   58 157.96064399757
   99   59 157.95240999760
   98   60 157.94196999762
   97   61 157.93656511864
   96   62 157.92995097665
   95   63 157.92779857866
   94   64 157.92411164367
   93   65 157.92542016366
   92   66 157.92441459467
   91   67 157.92894468965
   90   68 157.92989347165
   89   69 157.93697952263
   88   70 157.93987053163
   87   71 157.94931562360
   86   72 157.95480121959
   85   73 157.96654099756
   84   74 157.97462899754
  100   59 158.95588999759
   99   60 158.94652999761
   98   61 158.93928647663
   97   62 158.93321719964
   96   63 158.92909960965
   95   64 158.92639626466
   94   65 158.92535393066
   93   66 158.92574602066
   92   67 158.92771876566
   91   68 158.93069087265
   90   69 158.93497499764
   89   70 158.94005478463
   88   71 158.94663561261
   87   72 158.95399583559
   86   73 158.96302804957
   85   74 158.97284499754
   84   75 158.98417099752
  101   59 159.96079399757
  100   60 159.94939999760
   99   61 159.94309999762
   98   62 159.93533528364
   97   63 159.93185091365
   96   64 159.92706153466
   95   65 159.92717477566
   94   66 159.92520324166
   93   67 159.92873520166
   92   68 159.92907712765
   91   69 159.93526310364
   90   70 159.93755976063
   89   71 159.94603299761
   88   72 159.95068251060
   87   73 159.96154167657
   86   74 159.96851675055
   85   75 159.98202999752
  101   60 160.95427999759
  100   61 160.94606999761
   99   62 160.93916014063
   98   63 160.93366406364
   97   64 160.92967659965
   96   65 160.92757699866
   95   66 160.92693908566
   94   67 160.92786075666
   93   68 160.93000318865
   92   69 160.93354899764
   91   70 160.93790684363
   90   71 160.94357199762
   89   72 160.95027914860
   88   73 160.95836902858
   87   74 160.96719699756
   86   75 160.97762711853
   85   76 160.98928699750
  102   60 161.95754099758
  101   61 161.95021999760
  100   62 161.94145999762
   99   63 161.93697930063
   98   64 161.93099214365
   97   65 161.92949395265
   96   66 161.92680416566
   95   67 161.92910148265
   94   68 161.92878695766
   93   69 161.93400086964
   92   70 161.93577376864
   91   71 161.94328277362
   90   72 161.94721489361
   89   73 161.95729419958
   88   74 161.96350034457
   87   75 161.97584399754
   86   76 161.98449799751
  102   61 162.95356999759
  101   62 162.94554999761
  100   63 162.93936097463
   99   64 162.93417682964
   98   65 162.93065325865
   97   66 162.92873687666
   96   67 162.92873991866
   95   68 162.93003956465
   94   69 162.93265793865
   93   70 162.93633979764
   92   71 162.94117899762
   91   72 162.94711325561
   90   73 162.95433719259
   89   74 162.96252450857
   88   75 162.97208543855
   87   76 162.98261699752
  103   61 163.95827099758
  102   62 163.94835999761
  101   63 163.94269299762
  100   64 163.93582999764
   99   65 163.93335655664
   98   66 163.92918046965
   97   67 163.93023948065
   96   68 163.92920738965
   95   69 163.93354327864
   94   70 163.93449510064
   93   71 163.94133899762
   92   72 163.94437054162
   91   73 163.95353399759
   90   74 163.95895221958
   89   75 163.97050712155
   88   76 163.97807596353
   87   77 163.99211599750
  103   62 164.95296999759
  102   63 164.94554599761
  101   64 164.93939499763
  100   65 164.93497999764
   99   66 164.93170905165
   98   67 164.93032804465
   97   68 164.93073319565
   96   69 164.93244226665
   95   70 164.93527023864
   94   71 164.93940675563
   93   72 164.94456699762
   92   73 164.95078030060
   91   74 164.95828097158
   90   75 164.96708537256
   89   76 164.97660199753
   88   77 164.98755499751
  104   62 165.95627499759
  103   63 165.94931999760
  102   64 165.94145999762
  101   65 165.93785811663
  100   66 165.93281245864
   99   67 165.93229013665
   98   68 165.93029902065
   97   69 165.93356008964
   96   70 165.93387424664
   95   71 165.93985899763
   94   72 165.94217999762
   93   73 165.95051199760
   92   74 165.95503134359
   91   75 165.96576093756
   90   76 165.97269813854
   89   77 165.98566399751
   88   78 165.99492299749
  104   63 166.95275299759
  103   64 166.94544999761
  102   65 166.93995999763
  101   66 166.93566182064
  100   67 166.93313899164
   99   68 166.93205411665
   98   69 166.93285663264
   97   70 166.93495333464
   96   71 166.93826999763
   95   72 166.94259999762
   94   73 166.94809299761
   93   74 166.95480587059
   92   75 166.96260699757
   91   76 166.97154893555
   90   77 166.98167197852
   89   78 166.99290099749
  105   63 167.95733699758
  104   64 167.94807999761
  103   65 167.94339999762
  102   66 167.93713371363
  101   67 167.93552167364
  100   68 167.93237618965
   99   69 167.93417786564
   98   70 167.93388910364
   97   71 167.93873513663
   96   72 167.94056799763
   95   73 167.94804699761
   94   74 167.95180525960
   93   75 167.96157260557
   92   76 167.96779880956
   91   77 167.97996097853
   90   78 167.98818300151
  105   64 168.95259999759
  104   65 168.94596999761
  103   66 168.94031396863
  102   67 168.93687862763
  101   68 168.93459635064
  100   69 168.93421834764
   99   70 168.93518201364
   98   71 168.93764365063
   97   72 168.94125899762
   96   73 168.94601099761
   95   74 168.95177867460
   94   75 168.95876598858
   93   76 168.96701783056
   92   77 168.97628128454
   91   78 168.98656699751
   90   79 168.99807999748
  106   64 169.95557699759
  105   65 169.94983999760
  104   66 169.94238999762
  103   67 169.93962528663
  102   68 169.93547067064
  101   69 169.93580650464
  100   70 169.93476724264
   99   71 169.93847923163
   98   72 169.93960899763
   97   73 169.94617499761
   96   74 169.94923119760
   95   75 169.95822496358
   94   76 169.96357867057
   93   77 169.97492199754
   92   78 169.98250209252
   91   79 169.99597199749
  106   65 170.95272999759
  105   66 170.94611999761
  104   67 170.94147148762
  103   68 170.93803614563
  102   69 170.93643512364
  101   70 170.93633151464
  100   71 170.93791865763
   99   72 170.94049199763
   98   73 170.94447599762
   97   74 170.94945099760
   96   75 170.95571599759
   95   76 170.96317534557
   94   77 170.97164551955
   93   78 170.98124549952
   92   79 170.99188153950
   91   80 171.00373599999
  107   65 171.95721899758
  106   66 171.94845999761
  105   67 171.94472999761
  104   68 171.93936234163
  103   69 171.93840606463
  102   70 171.93638665564
  101   71 171.93909141463
  100   72 171.93944971363
   99   73 171.94489499761
   98   74 171.94729199761
   97   75 171.95540807659
   96   76 171.96001708558
   95   77 171.97060703355
   94   78 171.97734078553
   93   79 171.98999670550
   92   80 171.99886338848
  107   66 172.95282999759
  106   67 172.94701999761
  105   68 172.94239999762
  104   69 172.93960662963
  103   70 172.93821621263
  102   71 172.93893581963
  101   72 172.94051299763
  100   73 172.94374999762
   99   74 172.94768899761
   98   75 172.95324299759
   97   76 172.95980837258
   96   77 172.96750549356
   95   78 172.97644331253
   94   79 172.98622380551
   93   80 172.99709099748
  108   66 173.95558699759
  107   67 173.95094999760
  106   68 173.94422999762
  105   69 173.94217406162
  104   70 173.93886754563
  103   71 173.94034293563
  102   72 173.94004847763
  101   73 173.94445399762
  100   74 173.94607899761
   99   75 173.95311499759
   98   76 173.95706314958
   97   77 173.96686667356
   96   78 173.97281982954
   95   79 173.98471799751
   94   80 173.99287058049
  108   67 174.95361999759
  107   68 174.94776999761
  106   69 174.94384231062
  105   70 174.94128190762
  104   71 174.94077730562
  103   72 174.94151152462
  102   73 174.94373699762
  101   74 174.94671699761
  100   75 174.95138099760
   99   76 174.95694510258
   98   77 174.96414951857
   97   78 174.97239545454
   96   79 174.98131608252
   95   80 174.99144108350
  109   67 175.95781999758
  108   68 175.94993999760
  107   69 175.94699770861
  106   70 175.94257470562
  105   71 175.94269180662
  104   72 175.94140990262
  103   73 175.94485699761
  102   74 175.94563399761
  101   75 175.95162299760
  100   76 175.95480599759
   99   77 175.96363011657
   98   78 175.96893821155
   97   79 175.98011692453
   96   80 175.98734833251
   95   81 176.00062436700
  109   68 176.95398999759
  108   69 176.94903999760
  107   70 176.94526384561
  106   71 176.94376366562
  105   72 176.94323031762
  104   73 176.94448207062
  103   74 176.94664299761
  102   75 176.95032799760
  101   76 176.95495787959
  100   77 176.96130149757
   99   78 176.96846952655
   98   79 176.97687037653
   97   80 176.98627737351
   96   81 176.99641379448
  110   68 177.95677899758
  109   69 177.95263999759
  108   70 177.94664970761
  107   71 177.94596015961
  106   72 177.94370845362
  105   73 177.94568099761
  104   74 177.94588592261
  103   75 177.95098899760
  102   76 177.95325329759
  101   77 177.96108199757
  100   78 177.96564924556
   99   79 177.97605594254
   98   80 177.98248415552
   97   81 177.99485699749
   96   82 178.00383716299
  110   69 178.95533999759
  109   70 178.95003999760
  108   71 178.94733307961
  107   72 178.94582583561
  106   73 178.94593918461
  105   74 178.94707949861
  104   75 178.94998971260
  103   76 178.95381666659
  102   77 178.95911759358
  101   78 178.96535871656
  100   79 178.97317366554
   99   80 178.98182689652
   98   81 178.99112340250
   97   82 179.00220145199
  111   69 179.95929099758
  110   70 179.95211999760
  109   71 179.94989087360
  108   72 179.94655966661
  107   73 179.94746838961
  106   74 179.94671343261
  105   75 179.95079156560
  104   76 179.95237992760
  103   77 179.95922944358
  102   78 179.96303156057
  101   79 179.97248988054
  100   80 179.97826024653
   99   81 179.98992301650
   98   82 179.99791583948
  112   69 180.96224299757
  111   70 180.95588999759
  110   71 180.95190799760
  109   72 180.94911096260
  108   73 180.94799932861
  107   74 180.94821886061
  106   75 180.95006152060
  105   76 180.95324718559
  104   77 180.95763469158
  103   78 180.96308992457
  102   79 180.97007910055
  101   80 180.97781935453
  100   81 180.98625998951
   99   82 180.99665338348
  112   70 181.95832499758
  111   71 181.95503999759
  110   72 181.95056381360
  109   73 181.95015541060
  108   74 181.94820571861
  107   75 181.95121164260
  106   76 181.95211015060
  105   77 181.95807629358
  104   78 181.96117156857
  103   79 181.96961787155
  102   80 181.97468912954
  101   81 181.98569187751
  100   82 181.99267293749
  113   70 182.96231899757
  112   71 182.95736299758
  111   72 182.95353400159
  110   73 182.95137617760
  109   74 182.95022449760
  108   75 182.95082138760
  107   76 182.95312471659
  106   77 182.95683996558
  105   78 182.96159665057
  104   79 182.96758810556
  103   80 182.97444462654
  102   81 182.98219284352
  101   82 182.99186766550
  114   70 183.96506699756
  113   71 183.96090999757
  112   72 183.95544858459
  111   73 183.95401003559
  110   74 183.95093325760
  109   75 183.95252826460
  108   76 183.95249294660
  107   77 183.95747599758
  106   78 183.95992003658
  105   79 183.96745152156
  104   80 183.97171321855
  103   81 183.98187509052
  102   82 183.98813569951
  101   83 184.00114125000
  115   70 184.96940399755
  114   71 184.96361999757
  113   72 184.95886199758
  112   73 184.95556139359
  111   74 184.95342128359
  110   75 184.95295833459
  109   76 184.95404599259
  108   77 184.95669799758
  107   78 184.96061365657
  106   79 184.96579887156
  105   80 184.97189067355
  104   81 184.97878918853
  103   82 184.98760998651
  102   83 184.99759999748
  115   71 185.96756799756
  114   72 185.96089699757
  113   73 185.95855310858
  112   74 185.95436521259
  111   75 185.95498941659
  110   76 185.95383765759
  109   77 185.95794675158
  108   78 185.95935084358
  107   79 185.96595270056
  106   80 185.96936201455
  105   81 185.97865083853
  104   82 185.98423819352
  103   83 185.99662239948
  102   84 186.00440257699
  116   71 186.97039199755
  115   72 186.96476999756
  114   73 186.96039099758
  113   74 186.95716132058
  112   75 186.95575228559
  111   76 186.95574963759
  110   77 186.95754199758
  109   78 186.96061697357
  108   79 186.96454315256
  107   80 186.96981415555
  106   81 186.97590474054
  105   82 186.98391083352
  104   83 186.99314727349
  103   84 187.00303662399
  117   71 187.97445999754
  116   72 187.96684999756
  115   73 187.96391599757
  114   74 187.95848839258
  113   75 187.95811372558
  112   76 187.95583735859
  111   77 187.95883504358
  110   78 187.95939755758
  109   79 187.96524796656
  108   80 187.96757690756
  107   81 187.97602088354
  106   82 187.98087458952
  105   83 187.99227618149
  104   84 187.99941565248
  117   72 188.97083999755
  116   73 188.96582999756
  115   74 188.96176299757
  114   75 188.95922781458
  113   76 188.95814600258
  112   77 188.95872266658
  111   78 188.96084853957
  110   79 188.96394828357
  109   80 188.96819474556
  108   81 188.97357352454
  107   82 188.98084363652
  106   83 188.98919513850
  105   84 188.99847341248
  118   72 189.97312899754
  117   73 189.96938999755
  116   74 189.96308906357
  115   75 189.96174335757
  114   76 189.95844549358
  113   77 189.96054344257
  112   78 189.95994987358
  111   79 189.96475174756
  110   80 189.96632216656
  109   81 189.97383554854
  108   82 189.97808182553
  107   83 189.98862088050
  106   84 189.99510051649
  118   73 190.97155999755
  117   74 190.96653099756
  116   75 190.96312343457
  115   76 190.96092815657
  114   77 190.96059152457
  113   78 190.96167636057
  112   79 190.96371645257
  111   80 190.96715824456
  110   81 190.97178409355
  109   82 190.97828099753
  108   83 190.98578697251
  107   84 190.99455848549
  106   85 191.00414808599
  119   73 191.97523999754
  118   74 191.96816999756
  117   75 191.96608799756
  116   76 191.96147887857
  115   77 191.96260248257
  114   78 191.96104273357
  113   79 191.96481768156
  112   80 191.96563417956
  111   81 191.97222499755
  110   82 191.97578511254
  109   83 191.98547007551
  108   84 191.99133578550
  107   85 192.00314103399
  120   73 192.97759499753
  119   74 192.97177999755
  118   75 192.96754499756
  117   76 192.96414975057
  116   77 192.96292382157
  115   78 192.96298461357
  114   79 192.96413844457
  113   80 192.96665337456
  112   81 192.97050199455
  111   82 192.97617323154
  110   83 192.98294722052
  109   84 192.99106240050
  108   85 192.99992772548
  107   86 193.00970796398
  121   73 193.98142799752
  120   74 193.97366999754
  119   75 193.97075999755
  118   76 193.96517947456
  117   77 193.96507577056
  116   78 193.96268352457
  115   79 193.96541905956
  114   80 193.96544910856
  113   81 193.97108140855
  112   82 193.97401170354
  111   83 193.98279235952
  110   84 193.98818601251
  109   85 193.99922686948
  108   86 194.00614442398
  121   74 194.97744499753
  120   75 194.97253999754
  119   76 194.96831799756
  118   77 194.96597696456
  117   78 194.96479435056
  116   79 194.96503784856
  115   80 194.96670574856
  114   81 194.96977409355
  113   82 194.97454874054
  112   83 194.98064875952
  111   84 194.98813061451
  110   85 194.99627448248
  109   86 195.00542169899
  122   74 195.97973099753
  121   75 195.97579999754
  120   76 195.96964327455
  119   77 195.96839969356
  118   78 195.96495467256
  117   79 195.96657121856
  116   80 195.96583344156
  115   81 195.97048118955
  114   82 195.97278746354
  113   83 195.98066650652
  112   84 195.98553609151
  111   85 195.99579741849
  110   86 196.00211594499
  123   74 196.98374699752
  122   75 196.97798999753
  121   76 196.97282999754
  120   77 196.96965723055
  119   78 196.96734305056
  118   79 196.96657011156
  117   80 196.96721371056
  116   81 196.96957398355
  115   82 196.97343471454
  114   83 196.97886492653
  113   84 196.98565960451
  112   85 196.99317735449
  111   86 197.00162143000
  110   87 197.01100808997
  123   75 197.98159999752
  122   76 197.97440999754
  121   77 197.97227999755
  120   78 197.96789673156
  119   79 197.96824372156
  118   80 197.96676917656
  117   81 197.97044667055
  116   82 197.97201539455
  115   83 197.97920599753
  114   84 197.98338866952
  113   85 197.99279167049
  112   86 197.99867915348
  111   87 198.01027813797
  124   75 198.98404699752
  123   76 198.97800999753
  122   77 198.97380711254
  121   78 198.97059703555
  120   79 198.96876657955
  119   80 198.96828098656
  118   81 198.96987699755
  117   82 198.97291253954
  116   83 198.97767289053
  115   84 198.98367301852
  114   85 198.99052771650
  113   86 198.99839027048
  112   87 199.00726938898
  124   76 199.97983999753
  123   77 199.97679999753
  122   78 199.97144462255
  121   79 199.97075655355
  120   80 199.96832693156
  119   81 199.97096359955
  118   82 199.97181832955
  117   83 199.97813109053
  116   84 199.98181226752
  115   85 199.99035109750
  114   86 199.99570070449
  113   87 200.00658350698
  125   76 200.98363999752
  124   77 200.97863999753
  123   78 200.97451329054
  122   79 200.97165766255
  121   80 200.97030303555
  120   81 200.97082016555
  119   82 200.97287042254
  118   83 200.97700850953
  117   84 200.98226377452
  116   85 200.98841705850
  115   86 200.99562817649
  114   87 201.00385249599
  113   88 201.01281468297
  126   76 201.98594999751
  125   77 201.98198999752
  124   78 201.97563899754
  123   79 201.97385599754
  122   80 201.97064358255
  121   81 201.97210908655
  120   82 201.97215160155
  119   83 201.97773309753
  118   84 201.98073887852
  117   85 201.98863037750
  116   86 201.99326389949
  115   87 202.00332394599
  114   88 202.00974226398
  127   76 202.99179799750
  126   77 202.98422999752
  125   78 202.97892999753
  124   79 202.97515449554
  123   80 202.97287232354
  122   81 202.97234401955
  121   82 202.97339053254
  120   83 202.97689214253
  119   84 202.98141599252
  118   85 202.98694295451
  117   86 202.99339372949
  116   87 203.00094087200
  115   88 203.00929874498
  127   77 203.98959999750
  126   78 203.98075999752
  125   79 203.97783099753
  124   80 203.97349403454
  123   81 203.97386333454
  122   82 203.97304341754
  121   83 203.97783571453
  120   84 203.98030986052
  119   85 203.98725119451
  118   86 203.99144364150
  117   87 204.00065197400
  116   88 204.00650222798
  128   77 204.99360199749
  127   78 204.98607999751
  126   79 204.97984999753
  125   80 204.97607312254
  124   81 204.97442723454
  123   82 204.97448159454
  122   83 204.97738632053
  121   84 204.98119000152
  120   85 204.98607403851
  119   86 204.99172320150
  118   87 204.99859385548
  117   88 205.00626841498
  116   89 205.01514415796
  128   78 205.98965999750
  127   79 205.98473999751
  126   80 205.97751375353
  125   81 205.97611002354
  124   82 205.97446512154
  123   83 205.97849875453
  122   84 205.98047365152
  121   85 205.98665614551
  120   86 205.99019535550
  119   87 205.99866620848
  118   88 206.00382776299
  117   89 206.01447078696
  129   78 206.99512599749
  128   79 206.98839499750
  127   80 206.98229999752
  126   81 206.97741858353
  125   82 206.97589673254
  124   83 206.97847046853
  123   84 206.98159324952
  122   85 206.98579978051
  121   86 206.99073019750
  120   87 206.99694647148
  119   88 207.00380516099
  118   89 207.01196597297
  130   78 207.99893699748
  129   79 207.99344999749
  128   80 207.98575899751
  127   81 207.98201798952
  126   82 207.97665191553
  125   83 207.97974197853
  124   84 207.98124561352
  123   85 207.98661303951
  122   86 207.98963429250
  121   87 207.99713801548
  120   88 208.00185492900
  119   89 208.01154407297
  118   90 208.01791072195
  130   79 208.99727299748
  129   80 208.99071999750
  128   81 208.98535174751
  127   82 208.98108989552
  126   83 208.98039851652
  125   84 208.98243027352
  124   85 208.98616994151
  123   86 208.99040138550
  122   87 208.99595319449
  121   88 209.00199487899
  120   89 209.00949421998
  119   90 209.01757099996
  131   79 210.00249999999
  130   80 209.99423999749
  129   81 209.99007296750
  128   82 209.98418829852
  127   83 209.98412015352
  126   84 209.98287359852
  125   85 209.98714733551
  124   86 209.98968885150
  123   87 209.99642165448
  122   88 210.00047535600
  121   89 210.00943612998
  120   90 210.01509343696
  131   80 210.99932999748
  130   81 210.99347499749
  129   82 210.98873535350
  128   83 210.98726869551
  127   84 210.98665308251
  126   85 210.98749614451
  125   86 210.99060068350
  124   87 210.99555525649
  123   88 211.00089321300
  122   89 211.00773189398
  121   90 211.01493318296
  120   91 211.02370399994
  132   80 212.00295999999
  131   81 211.99833499748
  130   82 211.99189597250
  129   83 211.99128501350
  128   84 211.98886789350
  127   85 211.99073722050
  126   86 211.99070352550
  125   87 211.99622545048
  124   88 211.99978639648
  123   89 212.00781250098
  122   90 212.01300148697
  121   91 212.02318142494
  133   80 213.00822999998
  132   81 213.00191500000
  131   82 212.99656086448
  130   83 212.99438360549
  129   84 212.99285708049
  128   85 212.99293651149
  127   86 212.99388506149
  126   87 212.99618585848
  125   88 213.00037097000
  124   89 213.00660733298
  123   90 213.01301144697
  122   91 213.02110869695
  134   80 214.01199999997
  133   81 214.00693999998
  132   82 213.99980378548
  131   83 213.99871093548
  130   84 213.99520120549
  129   85 213.99637159848
  128   86 213.99536256349
  127   87 213.99897078248
  126   88 214.00009955400
  125   89 214.00691776198
  124   90 214.01148143097
  123   91 214.02091856095
  135   80 215.01739999996
  134   81 215.01063999997
  133   82 215.00466158999
  132   83 215.00174914900
  131   84 214.99941845148
  130   85 214.99865188748
  129   86 214.99874549548
  128   87 215.00034145600
  127   88 215.00272007999
  126   89 215.00647413198
  125   90 215.01172480497
  124   91 215.01917772795
  123   92 215.02675603493
  136   80 216.02131999995
  135   81 216.01579999996
  134   82 216.00802999998
  133   83 216.00630598898
  132   84 216.00191350600
  131   85 216.00242263099
  130   86 216.00027146400
  129   87 216.00318944499
  128   88 216.00353311699
  127   89 216.00874336698
  126   90 216.01105571397
  125   91 216.01910824195
  124   92 216.02476274694
  136   81 217.01965999995
  135   82 217.01313999997
  134   83 217.00937199998
  133   84 217.00631621598
  132   85 217.00471783499
  131   86 217.00392756199
  130   87 217.00463190199
  129   88 217.00632280598
  128   89 217.00934377698
  127   90 217.01310344397
  126   91 217.01832369195
  125   92 217.02466299994
  137   81 218.02488499994
  136   82 218.01658999996
  135   83 218.01418799996
  134   84 218.00897150198
  133   85 218.00869373498
  132   86 218.00560105199
  131   87 218.00757827398
  130   88 218.00714032498
  129   89 218.01164109297
  128   90 218.01327624197
  127   91 218.02005785295
  126   92 218.02350482894
  137   82 219.02176999995
  136   83 219.01747999996
  135   84 219.01361399997
  134   85 219.01116064697
  133   86 219.00947875298
  132   87 219.00925155298
  131   88 219.01008517597
  130   89 219.01242034797
  129   90 219.01553567696
  128   91 219.01990364995
  127   92 219.02499916094
  126   93 219.03162302092
  138   82 220.02540999994
  137   83 220.02234999994
  136   84 220.01638599996
  135   85 220.01543299996
  134   86 220.01139253397
  133   87 220.01232677797
  132   88 220.01102556197
  131   89 220.01475444996
  130   90 220.01574792596
  129   91 220.02170499995
  128   92 220.02461999994
  127   93 220.03253999992
  138   83 221.02586999993
  137   84 221.02122799995
  136   85 221.01801699995
  135   86 221.01553570896
  134   87 221.01425375696
  133   88 221.01391722396
  132   89 221.01559119896
  131   90 221.01818623595
  130   91 221.02187484594
  129   92 221.02632329893
  128   93 221.03204499992
  139   83 222.03084199992
  138   84 222.02413999994
  137   85 222.02249399994
  136   86 222.01757628596
  135   87 222.01758261996
  134   88 222.01537335496
  133   89 222.01784388695
  132   90 222.01846829995
  131   91 222.02378399994
  130   92 222.02605795293
  129   93 222.03329999992
  140   83 223.03449999991
  139   84 223.02906999993
  138   85 223.02515099994
  137   86 223.02188928494
  136   87 223.01973431295
  135   88 223.01850071895
  134   89 223.01913687195
  133   90 223.02081154595
  132   91 223.02396223194
  131   92 223.02773716793
  130   93 223.03284999992
  141   83 224.03953899990
  140   84 224.03210999992
  139   85 224.02974899992
  138   86 224.02409580394
  137   87 224.02334809994
  136   88 224.02021045295
  135   89 224.02172223895
  134   90 224.02146415695
  133   91 224.02561720994
  132   92 224.02761397393
  131   93 224.03421999991
  141   84 225.03706999991
  140   85 225.03262999992
  139   86 225.02848557393
  138   87 225.02557247794
  137   88 225.02361057394
  136   89 225.02322864694
  135   90 225.02395090694
  134   91 225.02613084393
  133   92 225.02939355493
  132   93 225.03391079691
  142   84 226.04030999990
  141   85 226.03715999991
  140   86 226.03086138192
  139   87 226.02954451493
  138   88 226.02540845494
  137   89 226.02609706893
  136   90 226.02490368594
  135   91 226.02794787193
  134   92 226.02933874893
  133   93 226.03518799991
  143   84 227.04538999989
  142   85 227.04023999990
  141   86 227.03530439591
  140   87 227.03186541692
  139   88 227.02917647393
  138   89 227.02775066593
  137   90 227.02770261793
  136   91 227.02880447693
  135   92 227.03118158692
  134   93 227.03495683191
  133   94 227.03947399990
  143   85 228.04474999989
  142   86 228.03783541790
  141   87 228.03583943691
  140   88 228.03106865692
  139   89 228.03101976692
  138   90 228.02873983493
  137   91 228.03105074792
  136   92 228.03137135092
  135   93 228.03606646191
  134   94 228.03874138690
  144   85 229.04811999988
  143   86 229.04225727589
  142   87 229.03829145490
  141   88 229.03495670691
  140   89 229.03294699992
  139   90 229.03176143092
  138   91 229.03209565192
  137   92 229.03350590892
  136   93 229.03626397391
  135   94 229.04014581890
  134   95 229.04524990889
  144   86 230.04513999989
  143   87 230.04239079089
  142   88 230.03705477991
  141   89 230.03632699991
  140   90 230.03313235792
  139   91 230.03453978891
  138   92 230.03394010191
  137   93 230.03782771590
  136   94 230.03965070290
  135   95 230.04608899988
  145   86 231.04986999987
  144   87 231.04517535689
  143   88 231.04102708590
  142   89 231.03839299990
  141   90 231.03630285291
  140   91 231.03588257491
  139   92 231.03629225191
  138   93 231.03824448990
  137   94 231.04112640990
  136   95 231.04552899989
  135   96 231.05074599987
  145   87 232.04946122388
  144   88 232.04347526989
  143   89 232.04203399989
  142   90 232.03805368890
  141   91 232.03859029990
  140   92 232.03715485991
  139   93 232.04010699990
  138   94 232.04118452590
  137   95 232.04652699988
  136   96 232.04971799987
  146   87 233.05251783787
  145   88 233.04759457288
  144   89 233.04434599989
  143   90 233.04158020790
  142   91 233.04024660490
  141   92 233.03963436690
  140   93 233.04073948890
  139   94 233.04299734489
  138   95 233.04644499988
  137   96 233.05077220587
  136   97 233.05674799986
  146   88 234.05038210387
  145   89 234.04813899988
  144   90 234.04359985989
  143   91 234.04330561489
  142   92 234.04095036990
  141   93 234.04289331989
  140   94 234.04331747789
  139   95 234.04773099988
  138   96 234.05016095887
  137   97 234.05738699986
  147   88 235.05488999986
  146   89 235.05083999987
  145   90 235.04725499988
  144   91 235.04539899989
  143   92 235.04392818989
  142   93 235.04406159089
  141   94 235.04528468189
  140   95 235.04790737088
  139   96 235.05156699987
  138   97 235.05657999986
  147   89 236.05498799986
  146   90 236.04965699987
  145   91 236.04866799988
  144   92 236.04556620088
  143   93 236.04656839188
  142   94 236.04605675588
  141   95 236.04942699988
  140   96 236.05137450587
  139   97 236.05747999985
  148   89 237.05799299985
  147   90 237.05362899986
  146   91 237.05102299987
  145   92 237.04872837988
  144   93 237.04817170988
  143   94 237.04840795688
  142   95 237.04999499987
  141   96 237.05286892287
  140   97 237.05709999986
  139   98 237.06219999284
  148   90 238.05638799986
  147   91 238.05463699986
  146   92 238.05078699587
  145   93 238.05094467087
  144   94 238.04955824987
  143   95 238.05198260687
  142   96 238.05308159487
  141   97 238.05820299985
  140   98 238.06148999984
  149   90 239.06060199985
  148   91 239.05725999986
  147   92 239.05429204786
  146   93 239.05293759887
  145   94 239.05216166887
  144   95 239.05302280287
  143   96 239.05490859286
  142   97 239.05823999985
  141   98 239.06255399984
  140   99 239.06822999983
  149   91 240.06109499985
  148   92 240.05659242486
  147   93 240.05616382986
  146   94 240.05381181186
  145   95 240.05529844386
  144   96 240.05552832886
  143   97 240.05975799985
  142   98 240.06225584184
  141   99 240.06891999983
  150   91 241.06402599984
  149   92 241.06032999985
  148   93 241.05825069685
  147   94 241.05684972186
  146   95 241.05682741286
  145   96 241.05765128785
  144   97 241.06015299985
  143   98 241.06368999984
  142   99 241.06855999983
  141  100 241.07420999981
  150   92 242.06293099984
  149   93 242.06163961484
  148   94 242.05874104485
  147   95 242.05954742785
  146   96 242.05883426285
  145   97 242.06197999984
  144   98 242.06375453284
  143   99 242.06956699982
  142  100 242.07342999981
  151   92 243.06694599983
  150   93 243.06427899984
  149   94 243.06200211884
  148   95 243.06137993985
  147   96 243.06138740285
  146   97 243.06300597984
  145   98 243.06547499983
  144   99 243.06950899982
  143  100 243.07448999981
  151   93 244.06784999983
  150   94 244.06420441484
  149   95 244.06428296384
  148   96 244.06275069384
  147   97 244.06517903884
  146   98 244.06599954283
  145   99 244.07088099982
  144  100 244.07403799981
  152   93 245.07073599982
  151   94 245.06782456783
  150   95 245.06645288983
  149   96 245.06549111283
  148   97 245.06635988483
  147   98 245.06804682483
  146   99 245.07124699982
  145  100 245.07534899981
  144  101 245.08080799980
  152   94 246.07020420882
  151   95 246.06977399982
  150   96 246.06722208183
  149   97 246.06867136683
  148   98 246.06880376183
  147   99 246.07289399982
  146  100 246.07535081481
  145  101 246.08171299979
  153   94 247.07418999981
  152   95 247.07209199982
  151   96 247.07035272582
  150   97 247.07030593982
  149   98 247.07096546182
  148   99 247.07362193181
  147  100 247.07694399981
  146  101 247.08152099979
  153   95 248.07575199981
  152   96 248.07234910082
  151   97 248.07308699982
  150   98 248.07218297782
  149   99 248.07546899981
  148  100 248.07718552781
  147  101 248.08282199979
  146  102 248.08654999978
  154   95 249.07847999980
  153   96 249.07595400581
  152   97 249.07498318181
  151   98 249.07485049081
  150   99 249.07640899981
  149  100 249.07892609780
  148  101 249.08291199979
  147  102 249.08779699978
  154   96 250.07835755580
  153   97 250.07831502680
  152   98 250.07640456081
  151   99 250.07861099980
  150  100 250.07951982780
  149  101 250.08441299979
  148  102 250.08756199978
  155   96 251.08228503579
  154   97 251.08076060280
  153   98 251.07958721880
  152   99 251.07999222380
  151  100 251.08153988879
  150  101 251.08477429079
  149  102 251.08894199978
  148  103 251.09417999976
  156   96 252.08486999979
  155   97 252.08430999979
  154   98 252.08162652279
  153   99 252.08297918879
  152  100 252.08246497179
  151  101 252.08643199978
  150  102 252.08896614078
  149  103 252.09526299976
  156   97 253.08687999978
  155   98 253.08513373779
  154   99 253.08482130479
  153  100 253.08518115978
  152  101 253.08714299978
  151  102 253.09056283077
  150  103 253.09508899976
  149  104 253.10043799975
  157   97 254.09059999977
  156   98 254.08732358978
  155   99 254.08802052678
  154  100 254.08685272578
  153  101 254.08958999977
  152  102 254.09095425877
  151  103 254.09648099976
  150  104 254.10005299975
  157   98 255.09104699977
  156   99 255.09027355277
  155  100 255.08996263277
  154  101 255.09108278677
  153  102 255.09319140376
  152  103 255.09656240376
  151  104 255.10126699974
  150  105 255.10691799973
  158   98 256.09344199976
  157   99 256.09359899976
  156  100 256.09177387777
  155  101 256.09388799976
  154  102 256.09428086576
  153  103 256.09849402875
  152  104 256.10115153474
  151  105 256.10788899973
  158   99 257.09597899976
  157  100 257.09510531676
  156  101 257.09553797676
  155  102 257.09688441876
  154  103 257.09947999975
  153  104 257.10291684774
  152  105 257.10757599973
  159   99 258.09951999975
  158  100 258.09707699975
  157  101 258.09842982475
  156  102 258.09820499975
  155  103 258.10175299974
  154  104 258.10342636174
  153  105 258.10928399972
  152  106 258.11298399971
  159  100 259.10059599975
  158  101 259.10050999975
  157  102 259.10099750275
  156  103 259.10290099974
  155  104 259.10559599973
  154  105 259.10949186472
  153  106 259.11435299971
  160  100 260.10280899974
  159  101 260.10365299974
  158  102 260.10264299974
  157  103 260.10550399973
  156  104 260.10643899973
  155  105 260.11129699972
  154  106 260.11438350771
  153  107 260.12165799969
  160  101 261.10582799973
  159  102 261.10569599973
  158  103 261.10687999973
  157  104 261.10876998973
  156  105 261.11197999972
  155  106 261.11594818771
  154  107 261.12145399969
  161  101 262.10910099972
  160  102 262.10746299973
  159  103 262.10961099972
  158  104 262.10992299972
  157  105 262.11406799971
  156  106 262.11633544571
  155  107 262.12296499969
  161  102 263.11071399972
  160  103 263.11135799972
  159  104 263.11245999972
  158  105 263.11498799971
  157  106 263.11829399970
  156  107 263.12291599969
  155  108 263.12847999968
  162  102 264.11273399972
  161  103 264.11419999971
  160  104 264.11387799971
  159  105 264.11740499970
  158  106 264.11892899970
  157  107 264.12459299969
  156  108 264.12835640468
  162  103 265.11619299971
  161  104 265.11668299971
  160  105 265.11860799970
  159  106 265.12108999969
  158  107 265.12497699968
  157  108 265.12979179867
  156  109 265.13599499966
  163  103 266.11983099970
  162  104 266.11817199970
  161  105 266.12102799969
  160  106 266.12197299969
  159  107 266.12678999968
  158  108 266.13004525167
  157  109 266.13737299965
  163  104 267.12178699969
  162  105 267.12246399969
  161  106 267.12432199969
  160  107 267.12749999968
  159  108 267.13167299967
  158  109 267.13718899965
  157  110 267.14372599964
  164  104 268.12396799969
  163  105 268.12567099968
  162  106 268.12539199968
  161  107 268.12969099967
  160  108 268.13186299967
  159  109 268.13864899965
  158  110 268.14347699964
  164  105 269.12791099968
  163  106 269.12856999968
  162  107 269.13041199967
  161  108 269.13372499966
  160  109 269.13888399965
  159  110 269.14475102063
  165  105 270.13130199967
  164  106 270.13042599967
  163  107 270.13336199966
  162  108 270.13431399966
  161  109 270.14032299965
  160  110 270.14458308963
  165  106 271.13393199966
  164  107 271.13518199966
  163  108 271.13713499965
  162  109 271.14074199964
  161  110 271.14594599963
  166  106 272.13588999966
  165  107 272.13826099965
  164  108 272.13849399965
  163  109 272.14340599964
  162  110 272.14601799963
  161  111 272.15327299961
  167  106 273.13957999965
  166  107 273.14023999965
  165  108 273.14158999964
  164  109 273.14461999963
  163  110 273.14853099962
  162  111 273.15318899961
  167  107 274.14351299964
  166  108 274.14330299964
  165  109 274.14733899963
  164  110 274.14943399962
  163  111 274.15524899961
  168  107 275.14566999963
  167  108 275.14666699963
  166  109 275.14903899962
  165  110 275.15197599962
  164  111 275.15598099961
  168  108 276.14845499963
  167  109 276.15170799962
  166  110 276.15302399961
  165  111 276.15833299960
  164  112 276.16140999959
  169  108 277.15189899962
  168  109 277.15348299961
  167  110 277.15581499961
  166  111 277.15924699960
  165  112 277.16361099959
  169  109 278.15645399960
  168  110 278.15714599960
  167  111 278.16158699959
  166  112 278.16417899959
  165  113 278.17057399957
  170  109 279.15834299960
  169  110 279.16009299960
  168  111 279.16293699959
  167  112 279.16643199958
  166  113 279.17094999957
  170  110 280.16158999959
  169  111 280.16520299958
  168  112 280.16714699958
  167  113 280.17299099956
  171  110 281.16471499958
  170  111 281.16671799958
  169  112 281.16964099957
  168  113 281.17370999956
  171  111 282.16940499957
  170  112 282.17066799957
  169  113 282.17576599956
  172  111 283.17099499957
  171  112 283.17336199956
  170  113 283.17681999955
  172  112 284.17449899956
  171  113 284.17884299955
  170  114 284.18134399954
  173  112 285.17732099955
  172  113 285.18006599955
  171  114 285.18357899954
  173  113 286.18251799954
  172  114 286.18440599953
  174  113 287.18383999954
  173  114 287.18687499953
  172  115 287.19097799952
  174  114 288.18791599953
  173  115 288.19299199951
  175  114 289.19062299952
  174  115 289.19395299951
  173  116 289.19809899950
  175  115 290.19634499950
  174  116 290.19881799950
  176  115 291.19752199950
  175  116 291.20116899949
  174  117 291.20590599948
  176  116 292.20208599949
  175  117 292.20781199948
  177  116 293.20469099948
  176  117 293.20867999947
  175  118 293.21349799946
  177  117 294.21097399947
  176  118 294.21413199946
  177  118 295.21633199945
