20200222/202932.450-0500

              1              2              3              4              5              6              7              8              9
          model           time      core_mass    core_radius accretion_rate    heating_lum    cooling_lum     total_mass   total_radius
             90   2.136703E+04       1.600000      11.000000   0.000000E+00   0.000000E+00   5.382506E+34       1.608112      11.675824


              1              2              3              4              5              6              7              8              9             10             11             12             13             14             15             16             17             18             19             20
           zone           mass             dm           area        gravity        eLambda           ePhi    temperature     luminosity       pressure        density           zbar           abar             Xn           Qimp          Gamma             cp         eps_nu        eps_nuc              K
              1   2.125581E+31   4.384752E+24   1.713109E+13   2.022293E+14       1.298337       0.770216   2.559560E+08   1.229213E+34   1.014320E+27   2.119387E+09      24.000000      56.000000       0.000000     100.000000     171.866037   6.450686E+06   1.892634E+03   0.000000E+00   2.421626E+17
              2   2.125581E+31   4.607926E+24   1.712836E+13   2.022671E+14       1.298373       0.770195   2.563171E+08   1.228934E+34   1.066325E+27   2.199978E+09      24.000000      56.000000       0.000000     100.000000     173.772301   6.443216E+06   1.807148E+03   0.000000E+00   2.464467E+17
              3   2.125580E+31   4.842439E+24   1.712560E+13   2.023054E+14       1.298409       0.770173   2.566760E+08   1.228638E+34   1.120996E+27   2.283652E+09      24.000000      56.000000       0.000000     100.000000     175.701956   6.437270E+06   1.726330E+03   0.000000E+00   2.510820E+17
              4   2.125580E+31   5.088864E+24   1.712280E+13   2.023441E+14       1.298446       0.770151   2.570329E+08   1.228324E+34   1.178471E+27   2.370529E+09      24.000000      56.000000       0.000000     100.000000     177.655331   6.432701E+06   1.650094E+03   0.000000E+00   2.558024E+17
              5   2.125579E+31   5.347805E+24   1.711996E+13   2.023834E+14       1.298483       0.770129   2.573877E+08   1.227991E+34   1.238893E+27   2.460731E+09      24.000000      56.000000       0.000000     100.000000     179.632724   6.270665E+06   1.578344E+03   0.000000E+00   2.606093E+17
              6   2.125579E+31   5.619894E+24   1.711710E+13   2.024232E+14       1.298520       0.770107   2.577405E+08   1.227649E+34   1.302412E+27   2.554385E+09      24.000000      56.000000       0.000000     100.000000     181.634408   6.242016E+06   1.510975E+03   0.000000E+00   2.655043E+17
              7   2.125578E+31   5.905798E+24   1.711419E+13   2.024634E+14       1.298559       0.770085   2.580911E+08   1.227287E+34   1.369188E+27   2.651623E+09      24.000000      56.000000       0.000000     100.000000     183.660641   6.213890E+06   1.447876E+03   0.000000E+00   2.704888E+17
              8   2.125577E+31   6.206218E+24   1.711125E+13   2.025042E+14       1.298597       0.770062   2.584398E+08   1.226906E+34   1.439388E+27   2.752579E+09      24.000000      56.000000       0.000000     100.000000     185.711667   6.186333E+06   1.388924E+03   0.000000E+00   2.755644E+17
              9   2.125577E+31   6.521888E+24   1.710828E+13   2.025455E+14       1.298636       0.770039   2.587863E+08   1.226504E+34   1.513187E+27   2.857393E+09      24.000000      56.000000       0.000000     100.000000     187.787730   6.169135E+06   1.333992E+03   0.000000E+00   2.807324E+17
             10   2.125576E+31   6.853580E+24   1.710526E+13   2.025874E+14       1.298676       0.770015   2.591309E+08   1.226079E+34   1.590770E+27   2.966209E+09      24.000000      56.000000       0.000000     100.000000     189.889072   6.143387E+06   1.282946E+03   0.000000E+00   2.859944E+17
             11   2.125575E+31   7.202107E+24   1.710221E+13   2.026297E+14       1.298716       0.769992   2.594734E+08   1.225631E+34   1.672330E+27   3.079178E+09      24.000000      56.000000       0.000000     100.000000     192.015946   6.117940E+06   1.235647E+03   0.000000E+00   2.913518E+17
             12   2.125575E+31   7.568321E+24   1.709913E+13   2.026726E+14       1.298756       0.769968   2.598140E+08   1.225159E+34   1.758072E+27   3.196457E+09      24.000000      56.000000       0.000000     100.000000     194.168608   6.092785E+06   1.191951E+03   0.000000E+00   2.968062E+17
             13   2.125574E+31   7.953115E+24   1.709600E+13   2.027161E+14       1.298797       0.769943   2.601525E+08   1.224661E+34   1.848211E+27   3.318206E+09      24.000000      56.000000       0.000000     100.000000     196.347336   6.067913E+06   1.151710E+03   0.000000E+00   3.023591E+17
             14   2.125573E+31   8.357432E+24   1.709284E+13   2.027601E+14       1.298839       0.769919   2.604891E+08   1.224136E+34   1.942971E+27   3.444596E+09      24.000000      56.000000       0.000000     100.000000     198.552420   6.043316E+06   1.114773E+03   0.000000E+00   3.080122E+17
             15   2.125572E+31   8.782257E+24   1.708963E+13   2.028047E+14       1.298881       0.769894   2.608237E+08   1.223584E+34   2.042589E+27   3.575803E+09      24.000000      56.000000       0.000000     100.000000     200.784171   6.018984E+06   1.080988E+03   0.000000E+00   3.137671E+17
             16   2.125571E+31   9.228629E+24   1.708639E+13   2.028498E+14       1.298923       0.769868   2.611563E+08   1.223002E+34   2.147315E+27   3.712010E+09      24.000000      56.000000       0.000000     100.000000     203.042916   5.994909E+06   1.050199E+03   0.000000E+00   3.196256E+17
             17   2.125571E+31   9.697636E+24   1.708311E+13   2.028956E+14       1.298966       0.769843   2.614869E+08   1.222389E+34   2.257410E+27   3.853409E+09      24.000000      56.000000       0.000000     100.000000     205.328999   5.971080E+06   1.022251E+03   0.000000E+00   3.255893E+17
             18   2.125570E+31   1.019042E+25   1.707978E+13   2.029419E+14       1.299010       0.769817   2.618157E+08   1.221744E+34   2.373150E+27   4.000200E+09      24.000000      56.000000       0.000000     100.000000     207.642784   5.947490E+06   9.969886E+02   0.000000E+00   3.316602E+17
             19   2.125569E+31   1.070819E+25   1.707642E+13   2.029888E+14       1.299054       0.769791   2.621425E+08   1.221065E+34   2.494824E+27   4.152589E+09      24.000000      56.000000       0.000000     100.000000     209.984643   5.924128E+06   9.742509E+02   0.000000E+00   3.378401E+17
             20   2.125567E+31   1.125221E+25   1.707301E+13   2.030363E+14       1.299099       0.769764   2.624673E+08   1.220350E+34   2.622736E+27   4.310793E+09      24.000000      56.000000       0.000000     100.000000     212.354956   5.900986E+06   9.538801E+02   0.000000E+00   3.441309E+17
             21   2.125566E+31   1.182380E+25   1.706957E+13   2.030844E+14       1.299145       0.769737   2.627903E+08   1.219598E+34   2.757206E+27   4.475037E+09      24.000000      56.000000       0.000000     100.000000     214.754108   5.878053E+06   9.357222E+02   0.000000E+00   3.505346E+17
             22   2.125565E+31   1.242435E+25   1.706608E+13   2.031331E+14       1.299191       0.769710   2.631113E+08   1.218807E+34   2.898571E+27   4.645551E+09      24.000000      56.000000       0.000000     100.000000     217.182478   5.855323E+06   9.196273E+02   0.000000E+00   3.570531E+17
             23   2.125564E+31   1.305534E+25   1.706254E+13   2.031824E+14       1.299237       0.769682   2.634305E+08   1.217975E+34   3.047184E+27   4.822577E+09      24.000000      56.000000       0.000000     100.000000     219.640432   5.832786E+06   9.054507E+02   0.000000E+00   3.636884E+17
             24   2.125563E+31   1.371829E+25   1.705897E+13   2.032324E+14       1.299284       0.769654   2.637477E+08   1.217099E+34   3.203417E+27   5.006360E+09      24.000000      56.000000       0.000000     100.000000     222.128313   5.810433E+06   8.930538E+02   0.000000E+00   3.704425E+17
             25   2.125561E+31   1.441482E+25   1.705535E+13   2.032830E+14       1.299332       0.769626   2.640631E+08   1.216179E+34   3.367660E+27   5.197157E+09      24.000000      56.000000       0.000000     100.000000     224.646433   5.788258E+06   8.823035E+02   0.000000E+00   3.773171E+17
             26   2.125560E+31   1.514662E+25   1.705168E+13   2.033343E+14       1.299380       0.769598   2.643766E+08   1.215211E+34   3.540323E+27   5.395226E+09      24.000000      56.000000       0.000000     100.000000     227.195059   5.766252E+06   8.730733E+02   0.000000E+00   3.843141E+17
             27   2.125558E+31   1.591548E+25   1.704797E+13   2.033862E+14       1.299429       0.769569   2.646882E+08   1.214194E+34   3.721839E+27   5.600822E+09      24.000000      56.000000       0.000000     100.000000     229.774239   5.744410E+06   8.652438E+02   0.000000E+00   3.914349E+17
             28   2.125557E+31   1.672327E+25   1.704422E+13   2.034388E+14       1.299479       0.769539   2.649979E+08   1.213124E+34   3.912662E+27   5.814288E+09      24.000000      56.000000       0.000000     100.000000     232.385147   5.722717E+06   8.586962E+02   0.000000E+00   3.986823E+17
             29   2.125555E+31   1.757195E+25   1.704041E+13   2.034920E+14       1.299529       0.769509   2.653058E+08   1.212001E+34   4.113269E+27   6.035954E+09      24.000000      56.000000       0.000000     100.000000     235.028519   5.701162E+06   8.533211E+02   0.000000E+00   4.060595E+17
             30   2.125553E+31   1.846359E+25   1.703657E+13   2.035459E+14       1.299580       0.769479   2.656118E+08   1.210820E+34   4.324160E+27   6.266103E+09      24.000000      56.000000       0.000000     100.000000     237.704356   5.679740E+06   8.490189E+02   0.000000E+00   4.135688E+17
             31   2.125551E+31   1.940034E+25   1.703267E+13   2.036005E+14       1.299631       0.769449   2.659159E+08   1.209580E+34   4.545865E+27   6.505039E+09      24.000000      56.000000       0.000000     100.000000     240.412806   5.658444E+06   8.456947E+02   0.000000E+00   4.212115E+17
             32   2.125549E+31   2.038450E+25   1.702873E+13   2.036558E+14       1.299684       0.769418   2.662182E+08   1.208276E+34   4.778936E+27   6.753086E+09      24.000000      56.000000       0.000000     100.000000     243.154138   5.637269E+06   8.432586E+02   0.000000E+00   4.289891E+17
             33   2.125547E+31   2.141844E+25   1.702474E+13   2.037119E+14       1.299736       0.769387   2.665186E+08   1.206908E+34   5.023958E+27   7.010588E+09      24.000000      56.000000       0.000000     100.000000     245.928709   5.616204E+06   8.416264E+02   0.000000E+00   4.369038E+17
             34   2.125545E+31   2.250467E+25   1.702070E+13   2.037686E+14       1.299790       0.769355   2.668172E+08   1.205470E+34   5.281542E+27   7.277906E+09      24.000000      56.000000       0.000000     100.000000     248.736944   5.595244E+06   8.407192E+02   0.000000E+00   4.449575E+17
             35   2.125543E+31   2.364584E+25   1.701661E+13   2.038260E+14       1.299844       0.769323   2.671139E+08   1.203961E+34   5.552332E+27   7.555417E+09      24.000000      56.000000       0.000000     100.000000     251.579314   5.574378E+06   8.404637E+02   0.000000E+00   4.531527E+17
             36   2.125541E+31   2.484471E+25   1.701247E+13   2.038842E+14       1.299899       0.769291   2.674088E+08   1.202377E+34   5.837006E+27   7.843518E+09      24.000000      56.000000       0.000000     100.000000     254.456319   5.553598E+06   8.407918E+02   0.000000E+00   4.614917E+17
             37   2.125538E+31   2.610419E+25   1.700828E+13   2.039432E+14       1.299954       0.769258   2.677018E+08   1.200714E+34   6.136276E+27   8.142620E+09      24.000000      56.000000       0.000000     100.000000     257.368469   5.532895E+06   8.416407E+02   0.000000E+00   4.699771E+17
             38   2.125536E+31   2.742733E+25   1.700404E+13   2.040028E+14       1.300011       0.769224   2.679930E+08   1.198968E+34   6.450889E+27   8.453148E+09      24.000000      56.000000       0.000000     100.000000     260.316269   5.512261E+06   8.429526E+02   0.000000E+00   4.786114E+17
             39   2.125533E+31   2.881734E+25   1.699975E+13   2.040633E+14       1.300068       0.769191   2.682823E+08   1.197136E+34   6.781634E+27   8.775545E+09      24.000000      56.000000       0.000000     100.000000     263.300215   5.491687E+06   8.446743E+02   0.000000E+00   4.873969E+17
             40   2.125530E+31   3.027758E+25   1.699541E+13   2.041245E+14       1.300125       0.769157   2.685698E+08   1.195214E+34   7.129335E+27   9.110265E+09      24.000000      56.000000       0.000000     100.000000     266.320773   5.471164E+06   8.467572E+02   0.000000E+00   4.963363E+17
             41   2.125527E+31   3.181159E+25   1.699101E+13   2.041865E+14       1.300184       0.769122   2.688555E+08   1.193197E+34   7.494864E+27   9.457777E+09      24.000000      56.000000       0.000000     100.000000     269.378382   5.450686E+06   8.491574E+02   0.000000E+00   5.054320E+17
             42   2.125524E+31   3.342308E+25   1.698656E+13   2.042493E+14       1.300243       0.769087   2.691393E+08   1.191081E+34   7.879134E+27   9.818562E+09      24.000000      56.000000       0.000000     100.000000     272.473442   5.430244E+06   8.518344E+02   0.000000E+00   5.146862E+17
             43   2.125520E+31   3.511594E+25   1.698206E+13   2.043128E+14       1.300303       0.769052   2.694212E+08   1.188863E+34   8.283106E+27   1.019311E+10      24.000000      56.000000       0.000000     100.000000     275.606311   5.409831E+06   8.547522E+02   0.000000E+00   5.241012E+17
             44   2.125517E+31   3.689264E+25   1.697750E+13   2.043772E+14       1.300363       0.769016   2.696981E+08   1.186536E+34   8.707790E+27   1.074722E+10      24.000000      56.000000       0.000000     100.000000     280.224453   5.380303E+06   8.569026E+02   0.000000E+00   5.356072E+17
             45   2.125513E+31   3.875719E+25   1.697296E+13   2.044412E+14       1.300422       0.768981   2.699626E+08   1.184098E+34   9.154248E+27   1.160045E+10      23.999118      56.000000       0.000000     100.000000     287.149993   5.336999E+06   8.580001E+02   0.000000E+00   5.523511E+17
             46   2.125509E+31   4.071873E+25   1.696854E+13   2.045036E+14       1.300481       0.768946   2.702194E+08   1.181551E+34   9.623596E+27   1.229223E+10      23.270556      56.000000       0.000000     100.000000     275.243552   5.317409E+06   7.982443E+02   0.000000E+00   5.581764E+17
             47   2.125505E+31   4.278103E+25   1.696415E+13   2.045656E+14       1.300539       0.768912   2.704788E+08   1.178878E+34   1.011701E+28   1.286887E+10      22.000000      56.000000       0.000000     100.000000     249.318773   5.315781E+06   6.958880E+02   0.000000E+00   5.499857E+17
             48   2.125501E+31   4.494830E+25   1.695975E+13   2.046279E+14       1.300597       0.768877   2.707346E+08   1.176065E+34   1.063572E+28   1.339032E+10      22.000000      56.000000       0.000000     100.000000     252.403171   5.294184E+06   6.983987E+02   0.000000E+00   5.611810E+17
             49   2.125496E+31   4.722531E+25   1.695531E+13   2.046909E+14       1.300657       0.768842   2.709882E+08   1.173117E+34   1.118102E+28   1.389939E+10      22.000000      56.000000       0.000000     100.000000     255.322868   5.274000E+06   7.010855E+02   0.000000E+00   5.714763E+17
             50   2.125492E+31   4.961732E+25   1.695081E+13   2.047547E+14       1.300717       0.768807   2.712403E+08   1.170030E+34   1.175429E+28   1.442155E+10      22.000000      56.000000       0.000000     100.000000     258.240694   5.254072E+06   7.038589E+02   0.000000E+00   5.815714E+17
             51   2.125487E+31   5.213002E+25   1.694625E+13   2.048193E+14       1.300778       0.768771   2.714907E+08   1.166795E+34   1.235694E+28   1.496872E+10      22.000000      56.000000       0.000000     100.000000     261.224961   5.233931E+06   7.066794E+02   0.000000E+00   5.918241E+17
             52   2.125482E+31   5.476949E+25   1.694164E+13   2.048847E+14       1.300839       0.768734   2.717395E+08   1.163406E+34   1.299050E+28   1.554372E+10      22.000000      56.000000       0.000000     100.000000     264.285727   5.213514E+06   7.095326E+02   0.000000E+00   6.023588E+17
             53   2.125476E+31   5.754215E+25   1.693698E+13   2.049510E+14       1.300902       0.768698   2.719863E+08   1.159858E+34   1.365653E+28   1.614438E+10      22.000000      56.000000       0.000000     100.000000     267.404165   5.192945E+06   7.124143E+02   0.000000E+00   6.131646E+17
             54   2.125470E+31   6.045473E+25   1.693226E+13   2.050181E+14       1.300965       0.768660   2.722313E+08   1.156142E+34   1.435672E+28   1.676695E+10      22.000000      56.000000       0.000000     100.000000     270.554553   5.172388E+06   7.153235E+02   0.000000E+00   6.241732E+17
             55   2.125464E+31   6.351430E+25   1.692748E+13   2.050860E+14       1.301029       0.768622   2.724744E+08   1.152252E+34   1.509280E+28   1.740876E+10      22.000000      56.000000       0.000000     100.000000     273.719097   5.151949E+06   7.182576E+02   0.000000E+00   6.353168E+17
             56   2.125458E+31   6.672825E+25   1.692265E+13   2.051548E+14       1.301093       0.768584   2.727157E+08   1.148180E+34   1.586663E+28   1.806983E+10      22.000000      56.000000       0.000000     100.000000     276.895592   5.131632E+06   7.212108E+02   0.000000E+00   6.465640E+17
             57   2.125451E+31   7.010429E+25   1.691776E+13   2.052244E+14       1.301159       0.768545   2.729553E+08   1.143918E+34   1.668013E+28   1.875336E+10      22.000000      56.000000       0.000000     100.000000     280.097796   5.111339E+06   7.241743E+02   0.000000E+00   6.579332E+17
             58   2.125444E+31   7.365053E+25   1.691280E+13   2.052950E+14       1.301225       0.768506   2.731931E+08   1.139458E+34   1.753534E+28   1.946469E+10      22.000000      56.000000       0.000000     100.000000     283.348474   5.090922E+06   7.271374E+02   0.000000E+00   6.694836E+17
             59   2.125437E+31   7.737549E+25   1.690779E+13   2.053665E+14       1.301293       0.768466   2.734292E+08   1.134791E+34   1.843439E+28   2.020854E+10      22.000000      56.000000       0.000000     100.000000     286.665181   5.070271E+06   7.300907E+02   0.000000E+00   6.812814E+17
             60   2.125429E+31   8.128814E+25   1.690272E+13   2.054389E+14       1.301361       0.768426   2.736633E+08   1.129909E+34   1.937954E+28   2.098425E+10      22.000000      56.000000       0.000000     100.000000     290.038795   5.049438E+06   7.330317E+02   0.000000E+00   6.933426E+17
             61   2.125421E+31   8.539801E+25   1.689758E+13   2.055122E+14       1.301430       0.768386   2.738955E+08   1.124802E+34   2.037315E+28   2.178276E+10      22.000000      56.000000       0.000000     100.000000     293.423062   5.028700E+06   7.359684E+02   0.000000E+00   7.055790E+17
             62   2.125413E+31   8.971490E+25   1.689239E+13   2.055865E+14       1.301500       0.768344   2.741258E+08   1.119463E+34   2.141771E+28   2.261317E+10      22.000000      56.000000       0.000000     100.000000     296.855669   5.007823E+06   7.388895E+02   0.000000E+00   7.179758E+17
             63   2.125404E+31   9.424920E+25   1.688713E+13   2.056617E+14       1.301570       0.768303   2.743542E+08   1.113880E+34   2.251582E+28   2.347639E+10      22.000000      56.000000       0.000000     100.000000     300.335663   4.986807E+06   7.417924E+02   0.000000E+00   7.305951E+17
             64   2.125394E+31   9.901181E+25   1.688181E+13   2.057378E+14       1.301642       0.768260   2.745807E+08   1.108043E+34   2.367023E+28   2.437253E+10      22.000000      56.000000       0.000000     100.000000     303.858745   4.965674E+06   7.446758E+02   0.000000E+00   7.434295E+17
             65   2.125384E+31   1.040142E+26   1.687642E+13   2.058149E+14       1.301715       0.768217   2.748051E+08   1.101943E+34   2.488383E+28   2.530290E+10      22.000000      56.000000       0.000000     100.000000     307.425687   4.944414E+06   7.475375E+02   0.000000E+00   7.564740E+17
             66   2.125374E+31   1.092683E+26   1.687097E+13   2.058930E+14       1.301788       0.768174   2.750275E+08   1.095570E+34   2.615965E+28   2.626884E+10      22.000000      56.000000       0.000000     100.000000     311.037176   4.923020E+06   7.503753E+02   0.000000E+00   7.697321E+17
             67   2.125363E+31   1.147869E+26   1.686545E+13   2.059722E+14       1.301862       0.768130   2.752479E+08   1.088911E+34   2.750088E+28   2.727170E+10      22.000000      56.000000       0.000000     100.000000     314.693841   4.901483E+06   7.531875E+02   0.000000E+00   7.832072E+17
             68   2.125351E+31   1.205830E+26   1.685987E+13   2.060523E+14       1.301938       0.768086   2.754661E+08   1.081955E+34   2.891088E+28   2.831289E+10      22.000000      56.000000       0.000000     100.000000     318.396282   4.879795E+06   7.559724E+02   0.000000E+00   7.969022E+17
             69   2.125339E+31   1.266707E+26   1.685422E+13   2.061334E+14       1.302014       0.768041   2.756823E+08   1.074692E+34   3.039317E+28   2.939387E+10      22.000000      56.000000       0.000000     100.000000     322.145093   4.857949E+06   4.022712E+08   0.000000E+00   8.108202E+17
             70   2.125327E+31   1.330645E+26   1.684851E+13   2.062156E+14       1.302091       0.767995   2.768389E+08   6.163005E+34   3.195146E+28   3.051615E+10      22.000000      56.000000       0.000000     100.000000     324.831063   4.841157E+06   7.772952E+02   0.000000E+00   8.258604E+17
             71   2.125313E+31   1.397798E+26   1.684272E+13   2.062988E+14       1.302169       0.767949   2.779865E+08   6.155569E+34   3.358965E+28   3.168129E+10      22.000000      56.000000       0.000000     100.000000     327.555899   4.824160E+06   7.960703E+02   0.000000E+00   8.421120E+17
             72   2.125299E+31   1.468325E+26   1.683687E+13   2.063831E+14       1.302249       0.767902   2.791250E+08   6.147655E+34   3.531183E+28   3.289093E+10      22.000000      56.000000       0.000000     100.000000     330.319963   4.806956E+06   8.150504E+02   0.000000E+00   8.586472E+17
             73   2.125285E+31   1.542396E+26   1.683095E+13   2.064684E+14       1.302329       0.767855   2.802545E+08   6.139239E+34   3.712231E+28   3.414677E+10      22.000000      56.000000       0.000000     100.000000     333.123649   4.789542E+06   8.342320E+02   0.000000E+00   8.754704E+17
             74   2.125269E+31   1.620189E+26   1.682495E+13   2.065549E+14       1.302410       0.767807   2.813750E+08   6.130296E+34   3.902561E+28   3.545059E+10      22.000000      56.000000       0.000000     100.000000     335.967385   4.771916E+06   8.536111E+02   0.000000E+00   8.925862E+17
             75   2.125253E+31   1.701887E+26   1.681889E+13   2.066424E+14       1.302492       0.767759   2.824865E+08   6.120798E+34   4.102649E+28   3.680422E+10      22.000000      56.000000       0.000000     100.000000     338.851623   4.754074E+06   8.731837E+02   0.000000E+00   9.099992E+17
             76   2.125236E+31   1.787688E+26   1.681275E+13   2.067311E+14       1.302576       0.767710   2.835892E+08   6.110718E+34   4.312997E+28   3.820958E+10      22.000000      56.000000       0.000000     100.000000     341.776829   4.736015E+06   8.929455E+02   0.000000E+00   9.277141E+17
             77   2.125218E+31   1.877796E+26   1.680654E+13   2.068209E+14       1.302660       0.767660   2.846828E+08   6.100028E+34   4.534129E+28   3.966866E+10      22.000000      56.000000       0.000000     100.000000     344.743468   4.717736E+06   9.128917E+02   0.000000E+00   9.457356E+17
             78   2.125199E+31   1.972426E+26   1.680025E+13   2.069118E+14       1.302745       0.767609   2.857676E+08   6.088697E+34   4.766598E+28   4.118351E+10      22.000000      56.000000       0.000000     100.000000     347.751978   4.699234E+06   9.330175E+02   0.000000E+00   9.640686E+17
             79   2.125180E+31   2.071803E+26   1.679389E+13   2.070039E+14       1.302832       0.767558   2.868434E+08   6.076694E+34   5.010987E+28   4.275622E+10      22.000000      56.000000       0.000000     100.000000     350.802752   4.680507E+06   9.533180E+02   0.000000E+00   9.827174E+17
             80   2.125159E+31   2.174096E+26   1.678746E+13   2.070971E+14       1.302919       0.767507   2.879018E+08   6.063989E+34   5.267906E+28   4.485972E+10      22.000000      56.000000       0.000000     100.000000     355.153363   4.654481E+06   9.732952E+02   0.000000E+00   1.004025E+18
             81   2.125137E+31   2.269701E+26   1.678102E+13   2.071899E+14       1.303003       0.767458   2.888790E+08   6.050574E+34   5.537997E+28   5.058202E+10      22.000000      56.000000       0.000000     100.000000     368.403878   4.578772E+06   9.896734E+02   0.000000E+00   1.044985E+18
             82   2.125115E+31   2.385365E+26   1.677505E+13   2.072765E+14       1.303084       0.767410   2.897799E+08   6.036606E+34   5.821936E+28   5.343141E+10      22.000000      56.000000       0.000000     100.000000     374.029185   4.546059E+06   1.006686E+03   0.000000E+00   1.088173E+18
             83   2.125091E+31   2.516238E+26   1.676911E+13   2.073631E+14       1.303166       0.767361   2.906884E+08   6.021890E+34   6.120433E+28   5.340698E+10      22.000000      56.000000       0.000000     100.000000     372.803277   4.551474E+06   1.025892E+03   0.000000E+00   1.103761E+18
             84   2.125066E+31   2.654334E+26   1.676284E+13   2.074546E+14       1.303254       0.767309   2.916537E+08   6.006236E+34   6.434235E+28   5.259399E+10      22.000000      56.000000       0.000000     100.000000     369.674383   4.567464E+06   1.047127E+03   0.000000E+00   1.102385E+18
             85   2.125039E+31   2.795566E+26   1.675614E+13   2.075525E+14       1.303348       0.767254   2.926849E+08   5.989553E+34   6.764125E+28   5.212579E+10      22.000000      56.000000       0.000000     100.000000     367.275613   4.579346E+06   1.069965E+03   0.000000E+00   1.098925E+18
             86   2.125011E+31   2.938665E+26   1.674903E+13   2.076564E+14       1.303447       0.767196   2.937681E+08   5.971814E+34   7.110929E+28   5.240653E+10      22.000000      56.000000       0.000000     100.000000     366.577016   4.581648E+06   1.093893E+03   0.000000E+00   1.100602E+18
             87   2.124982E+31   3.084244E+26   1.674159E+13   2.077651E+14       1.303550       0.767136   2.948800E+08   5.953014E+34   7.475514E+28   5.350263E+10      22.000000      56.000000       0.000000     100.000000     367.723281   4.573537E+06   1.118369E+03   0.000000E+00   1.109653E+18
             88   2.124951E+31   3.234003E+26   1.673393E+13   2.078768E+14       1.303655       0.767074   2.959965E+08   5.933161E+34   7.858792E+28   5.534844E+10      22.000000      56.000000       0.000000     100.000000     370.501495   4.556230E+06   1.142912E+03   0.000000E+00   1.125931E+18
             89   2.124918E+31   3.390088E+26   1.672617E+13   2.079902E+14       1.303761       0.767012   2.970983E+08   5.912254E+34   8.261721E+28   5.782768E+10      22.000000      56.000000       0.000000     100.000000     374.558657   4.531758E+06   1.167162E+03   0.000000E+00   1.148293E+18
             90   2.124885E+31   3.554589E+26   1.671838E+13   2.081041E+14       1.303867       0.766949   2.981729E+08   5.890284E+34   8.685308E+28   6.080808E+10      22.000000      56.000000       0.000000     100.000000     379.513365   4.502317E+06   1.190903E+03   0.000000E+00   1.175257E+18
             91   2.124849E+31   3.729182E+26   1.671060E+13   2.082179E+14       1.303973       0.766887   2.992138E+08   5.867226E+34   9.130614E+28   6.416738E+10      22.000000      56.000000       0.000000     100.000000     385.033058   4.469814E+06   1.214046E+03   0.000000E+00   1.205381E+18
             92   2.124812E+31   3.914923E+26   1.670286E+13   2.083311E+14       1.304078       0.766825   3.002188E+08   5.843043E+34   9.598750E+28   6.782207E+10      22.000000      56.000000       0.000000     100.000000     390.895424   4.435522E+06   1.236568E+03   0.000000E+00   1.237537E+18
             93   2.124773E+31   4.112182E+26   1.669518E+13   2.084438E+14       1.304183       0.766763   3.011880E+08   5.817689E+34   1.009089E+29   7.175276E+10      22.000000      56.000000       0.000000     100.000000     397.023896   4.399891E+06   1.258452E+03   0.000000E+00   1.271121E+18
             94   2.124731E+31   4.320723E+26   1.668755E+13   2.085558E+14       1.304287       0.766702   3.021214E+08   5.791119E+34   1.060826E+29   7.601153E+10      22.000000      56.000000       0.000000     100.000000     403.477914   4.362617E+06   1.279643E+03   0.000000E+00   1.306116E+18
             95   2.124688E+31   4.539930E+26   1.667998E+13   2.086669E+14       1.304390       0.766641   3.030200E+08   5.763294E+34   1.115216E+29   8.069465E+10      21.946443      56.000000       0.000000     100.000000     408.432931   4.325549E+06   1.292474E+03   0.000000E+00   1.340188E+18
             96   2.124643E+31   4.769181E+26   1.667249E+13   2.087770E+14       1.304492       0.766581   3.039146E+08   5.734171E+34   1.172394E+29   8.586086E+10      20.934394      56.000000       0.000000     100.000000     378.713865   4.331867E+06   1.169476E+03   0.000000E+00   1.324949E+18
             97   2.124595E+31   5.008361E+26   1.666509E+13   2.088857E+14       1.304593       0.766522   3.048029E+08   5.703387E+34   1.232504E+29   9.136441E+10      20.000000      56.000000       0.000000     100.000000     351.422310   4.336066E+06   1.058027E+03   0.000000E+00   1.311153E+18
             98   2.124545E+31   5.258528E+26   1.665780E+13   2.089933E+14       1.304693       0.766463   3.056555E+08   5.670896E+34   1.295696E+29   9.656540E+10      20.000000      56.000000       0.000000     100.000000     356.969457   4.299702E+06   1.073913E+03   0.000000E+00   1.347394E+18
             99   2.124492E+31   5.522195E+26   1.665055E+13   2.091004E+14       1.304793       0.766404   3.064897E+08   5.636971E+34   1.362128E+29   9.998162E+10      20.000000      56.000000       0.000000     100.000000     360.147406   4.278302E+06   1.090366E+03   0.000000E+00   1.376411E+18
            100   2.124437E+31   5.788817E+26   1.664319E+13   2.092093E+14       1.304896       0.766344   3.073272E+08   5.601453E+34   1.431965E+29   1.017319E+11      20.000000      56.000000       0.000000     100.000000     361.249788   4.269910E+06   1.107771E+03   0.000000E+00   1.394634E+18
            101   2.124379E+31   6.074722E+26   1.663560E+13   2.093216E+14       1.305002       0.766282   3.081702E+08   5.564251E+34   1.505384E+29   1.048817E+11      20.000000      56.000000       0.000000     100.000000     363.941855   4.251551E+06   1.124993E+03   0.000000E+00   1.411687E+18
            102   2.124319E+31   6.384622E+26   1.662788E+13   2.094360E+14       1.305109       0.766219   3.090062E+08   5.525342E+34   1.582566E+29   1.091497E+11      20.000000      56.000000       0.000000     100.000000     367.815293   4.225842E+06   1.141876E+03   0.000000E+00   1.435876E+18
            103   2.124255E+31   6.714002E+26   1.662008E+13   2.095517E+14       1.305217       0.766155   3.098280E+08   5.484665E+34   1.663706E+29   1.140186E+11      20.000000      56.000000       0.000000     100.000000     372.215095   4.196930E+06   1.158469E+03   0.000000E+00   1.464563E+18
            104   2.124188E+31   7.060047E+26   1.661223E+13   2.096682E+14       1.305326       0.766091   3.106335E+08   5.442170E+34   1.749006E+29   1.191541E+11      20.000000      56.000000       0.000000     100.000000     376.742166   4.167330E+06   1.174843E+03   0.000000E+00   1.495084E+18
            105   2.124117E+31   7.421338E+26   1.660433E+13   2.097855E+14       1.305435       0.766027   3.114230E+08   5.397809E+34   1.838680E+29   1.243613E+11      20.000000      56.000000       0.000000     100.000000     381.183328   4.138374E+06   1.191070E+03   0.000000E+00   1.525875E+18
            106   2.124043E+31   7.797563E+26   1.659638E+13   2.099037E+14       1.305546       0.765962   3.121981E+08   5.351535E+34   1.932951E+29   1.295572E+11      20.000000      56.000000       0.000000     100.000000     385.460413   4.110538E+06   1.207202E+03   0.000000E+00   1.556179E+18
            107   2.123965E+31   8.189263E+26   1.658836E+13   2.100231E+14       1.305657       0.765897   3.129602E+08   5.303304E+34   2.032055E+29   1.347445E+11      20.000000      56.000000       0.000000     100.000000     389.586548   4.083735E+06   1.223261E+03   0.000000E+00   1.585816E+18
            108   2.123883E+31   8.597603E+26   1.658027E+13   2.101438E+14       1.305770       0.765830   3.137106E+08   5.253071E+34   2.136241E+29   1.399830E+11      20.000000      56.000000       0.000000     100.000000     393.627409   4.057557E+06   1.239245E+03   0.000000E+00   1.614982E+18
            109   2.123797E+31   9.024170E+26   1.657209E+13   2.102660E+14       1.305884       0.765764   3.144497E+08   5.200796E+34   2.245769E+29   1.453613E+11      20.000000      56.000000       0.000000     100.000000     397.668488   4.031480E+06   1.255128E+03   0.000000E+00   1.644069E+18
            110   2.123707E+31   9.470803E+26   1.656381E+13   2.103896E+14       1.306000       0.765696   3.151775E+08   5.146437E+34   2.360912E+29   1.509708E+11      20.000000      56.000000       0.000000     100.000000     401.789500   4.005029E+06   1.270870E+03   0.000000E+00   1.673511E+18
            111   2.123612E+31   9.939444E+26   1.655545E+13   2.105148E+14       1.306117       0.765627   3.158933E+08   5.089958E+34   2.481958E+29   1.568844E+11      20.000000      56.000000       0.000000     100.000000     406.046338   3.977877E+06   1.286430E+03   0.000000E+00   1.703670E+18
            112   2.123513E+31   1.043203E+27   1.654700E+13   2.106414E+14       1.306235       0.765558   3.165966E+08   5.031322E+34   2.609211E+29   1.631409E+11      20.000000      56.000000       0.000000     100.000000     410.460042   3.949916E+06   1.301774E+03   0.000000E+00   1.734755E+18
            113   2.123408E+31   1.095037E+27   1.653846E+13   2.107693E+14       1.306354       0.765488   3.172866E+08   4.970489E+34   2.742988E+29   1.697344E+11      20.000000      56.000000       0.000000     100.000000     415.012347   3.921276E+06   1.316884E+03   0.000000E+00   1.766778E+18
            114   2.123299E+31   1.149616E+27   1.652985E+13   2.108986E+14       1.306475       0.765417   3.179631E+08   4.907420E+34   2.883624E+29   1.766104E+11      20.000000      56.000000       0.000000     100.000000     419.647632   3.892305E+06   1.331763E+03   0.000000E+00   1.799541E+18
            115   2.123184E+31   1.207084E+27   1.652116E+13   2.110293E+14       1.306597       0.765345   3.186264E+08   4.842070E+34   3.031471E+29   1.836704E+11      20.000000      56.000000       0.000000     100.000000     424.281487   3.863515E+06   1.346442E+03   0.000000E+00   1.832664E+18
            116   2.123063E+31   1.267568E+27   1.651238E+13   2.111614E+14       1.306721       0.765273   3.192771E+08   4.774386E+34   3.186897E+29   1.907876E+11      20.000000      56.000000       0.000000     100.000000     428.816688   3.835479E+06   1.360970E+03   0.000000E+00   1.865647E+18
            117   2.122936E+31   1.331176E+27   1.650351E+13   2.112951E+14       1.306845       0.765200   3.199165E+08   4.704313E+34   3.350293E+29   1.978365E+11      20.000000      56.000000       0.000000     100.000000     433.166547   3.808692E+06   1.375405E+03   0.000000E+00   1.897976E+18
            118   2.122803E+31   1.398003E+27   1.649452E+13   2.114308E+14       1.306972       0.765125   3.205461E+08   4.631786E+34   3.522066E+29   2.047376E+11      20.000000      56.000000       0.000000     100.000000     437.285191   3.783403E+06   1.389800E+03   0.000000E+00   1.929275E+18
            119   2.122663E+31   1.468137E+27   1.648539E+13   2.115687E+14       1.307101       0.765050   3.211673E+08   4.556747E+34   3.702646E+29   2.115145E+11      20.000000      56.000000       0.000000     100.000000     441.202784   3.759415E+06   1.404174E+03   0.000000E+00   1.959487E+18
            120   2.122517E+31   1.541672E+27   1.647612E+13   2.117090E+14       1.307233       0.764973   3.217806E+08   4.479144E+34   3.892485E+29   2.183627E+11      20.000000      56.000000       0.000000     100.000000     445.063869   3.735880E+06   1.418484E+03   0.000000E+00   1.989094E+18
            121   2.122362E+31   1.618718E+27   1.646669E+13   2.118520E+14       1.307366       0.764894   3.223856E+08   4.398951E+34   4.092057E+29   2.257287E+11      20.000000      56.000000       0.000000     100.000000     449.168686   3.711081E+06   1.432584E+03   0.000000E+00   2.019346E+18
            122   2.122201E+31   1.699422E+27   1.645710E+13   2.119974E+14       1.307502       0.764815   3.229792E+08   4.316187E+34   4.301861E+29   2.344180E+11      20.000000      56.000000       0.000000     100.000000     454.023689   3.682177E+06   1.446181E+03   0.000000E+00   2.052539E+18
            123   2.122031E+31   1.783981E+27   1.644741E+13   2.121445E+14       1.307639       0.764735   3.235556E+08   4.230942E+34   4.522423E+29   2.457769E+11      20.000000      56.000000       0.000000     100.000000     460.420062   3.644817E+06   1.458768E+03   0.000000E+00   2.092410E+18
            124   2.121852E+31   1.872668E+27   1.643770E+13   2.122918E+14       1.307774       0.764655   3.241200E+08   4.143409E+34   4.754292E+29   2.620791E+11      19.376711      56.000000       0.000000     100.000000     441.314376   3.634918E+06   1.362834E+03   0.000000E+00   2.082004E+18
            125   2.121665E+31   1.965861E+27   1.642815E+13   2.124367E+14       1.307907       0.764578   3.246772E+08   4.052891E+34   4.998050E+29   2.864930E+11      18.000000      56.000000       0.000000     100.000000     391.135532   3.657779E+06   1.142434E+03   0.000000E+00   2.006010E+18
            126   2.121468E+31   2.064035E+27   1.641897E+13   2.125765E+14       1.308036       0.764502   3.251946E+08   3.958479E+34   5.254305E+29   3.031901E+11      18.000000      56.000000       0.000000     100.000000     397.957043   3.611495E+06   1.150524E+03   0.000000E+00   2.069785E+18
            127   2.121262E+31   2.167171E+27   1.640986E+13   2.127155E+14       1.308165       0.764426   3.256918E+08   3.861950E+34   5.523699E+29   3.147732E+11      18.000000      56.000000       0.000000     100.000000     402.346461   3.581600E+06   1.159191E+03   0.000000E+00   2.112922E+18
            128   2.121045E+31   2.275427E+27   1.640065E+13   2.128564E+14       1.308297       0.764350   3.261757E+08   3.762886E+34   5.806906E+29   3.267979E+11      18.000000      56.000000       0.000000     100.000000     406.801579   3.551501E+06   1.167599E+03   0.000000E+00   2.148326E+18
            129   2.120818E+31   2.389054E+27   1.639133E+13   2.129990E+14       1.308429       0.764272   3.266460E+08   3.661316E+34   6.104632E+29   3.392821E+11      18.000000      56.000000       0.000000     100.000000     411.324052   3.521195E+06   1.175736E+03   0.000000E+00   2.184232E+18
            130   2.120579E+31   2.508316E+27   1.638190E+13   2.131435E+14       1.308564       0.764193   3.271026E+08   3.557276E+34   6.417623E+29   3.522438E+11      18.000000      56.000000       0.000000     100.000000     415.915324   3.490678E+06   1.183594E+03   0.000000E+00   2.220648E+18
            131   2.120328E+31   2.633492E+27   1.637237E+13   2.132898E+14       1.308700       0.764113   3.275453E+08   3.450810E+34   6.746662E+29   3.657013E+11      18.000000      56.000000       0.000000     100.000000     420.576711   3.459948E+06   1.191165E+03   0.000000E+00   2.257579E+18
            132   2.120065E+31   2.764871E+27   1.636273E+13   2.134380E+14       1.308838       0.764033   3.279740E+08   3.341969E+34   7.092570E+29   3.796734E+11      18.000000      56.000000       0.000000     100.000000     425.309468   3.428999E+06   1.198438E+03   0.000000E+00   2.295030E+18
            133   2.119788E+31   2.902757E+27   1.635297E+13   2.135881E+14       1.308978       0.763951   3.283886E+08   3.230812E+34   7.456214E+29   3.941795E+11      18.000000      56.000000       0.000000     100.000000     430.114834   3.397825E+06   1.205407E+03   0.000000E+00   2.333007E+18
            134   2.119498E+31   3.047472E+27   1.634311E+13   2.137401E+14       1.309119       0.763868   3.287888E+08   3.117406E+34   7.838503E+29   4.092397E+11      18.000000      56.000000       0.000000     100.000000     434.994058   3.366419E+06   1.212064E+03   0.000000E+00   2.371513E+18
            135   2.119193E+31   3.199348E+27   1.633313E+13   2.138941E+14       1.309262       0.763785   3.291746E+08   3.001824E+34   8.240391E+29   4.248749E+11      18.000000      56.000000       0.000000     100.000000     439.948404   3.334771E+06   1.218400E+03   0.000000E+00   2.410555E+18
            136   2.118873E+31   3.359828E+27   1.632304E+13   2.140498E+14       1.309406       0.763700   3.295421E+08   2.884146E+34   8.662885E+29   4.479902E+11      18.000000      56.000000       0.000000     100.000000     447.287116   3.288705E+06   1.223370E+03   0.000000E+00   2.457913E+18
            137   2.118537E+31   3.529596E+27   1.631299E+13   2.142047E+14       1.309547       0.763618   3.298789E+08   2.764901E+34   9.107041E+29   4.905648E+11      18.000000      56.000000       0.000000     100.000000     460.559033   3.207065E+06   1.225228E+03   0.000000E+00   2.533826E+18
            138   2.118184E+31   3.700179E+27   1.630335E+13   2.143546E+14       1.309689       0.763535   3.302005E+08   2.645332E+34   9.573969E+29   4.860071E+11      18.000000      56.000000       0.000000     100.000000     458.681156   3.217658E+06   1.233033E+03   0.000000E+00   2.578718E+18
            139   2.117814E+31   3.881510E+27   1.629314E+13   2.145136E+14       1.309840       0.763447   3.305280E+08   2.522353E+34   1.006484E+30   4.820344E+11      18.000000      56.000000       0.000000     100.000000     456.974714   3.227221E+06   1.240942E+03   0.000000E+00   2.571380E+18
            140   2.117426E+31   4.076339E+27   1.628234E+13   2.146818E+14       1.309997       0.763355   3.308540E+08   2.396117E+34   1.058087E+30   4.925979E+11      18.000000      56.000000       0.000000     100.000000     459.835245   3.209074E+06   1.246933E+03   0.000000E+00   2.580120E+18
            141   2.117018E+31   4.282486E+27   1.627123E+13   2.148546E+14       1.310158       0.763261   3.311679E+08   2.267746E+34   1.112336E+30   5.109762E+11      18.000000      56.000000       0.000000     100.000000     465.043034   3.176810E+06   1.251682E+03   0.000000E+00   2.613016E+18
            142   2.116590E+31   4.497259E+27   1.625998E+13   2.150300E+14       1.310321       0.763166   3.314659E+08   2.137892E+34   1.169367E+30   5.308667E+11      18.000000      56.000000       0.000000     100.000000     470.577067   3.142729E+06   1.255950E+03   0.000000E+00   2.655292E+18
            143   2.116141E+31   4.719946E+27   1.624862E+13   2.152074E+14       1.310485       0.763070   3.317464E+08   2.006793E+34   1.229322E+30   5.552284E+11      18.000000      56.000000       0.000000     100.000000     477.264170   3.101873E+06   1.259343E+03   0.000000E+00   2.702684E+18
            144   2.115669E+31   4.952384E+27   1.623721E+13   2.153853E+14       1.310648       0.762975   3.320036E+08   1.874903E+34   1.292351E+30   5.961364E+11      18.000000      56.000000       0.000000     100.000000     488.330108   3.034992E+06   1.260356E+03   0.000000E+00   2.769454E+18
            145   2.115173E+31   5.197599E+27   1.622605E+13   2.155591E+14       1.310804       0.762884   3.322354E+08   1.743378E+34   1.358611E+30   6.639455E+11      17.426108      54.852216       0.019042     100.000000     475.039862   4.790315E+06   1.169095E+03   0.000000E+00   2.782316E+18
            146   2.114654E+31   5.456532E+27   1.621554E+13   2.157234E+14       1.310953       0.762797   3.324415E+08   1.530895E+34   1.428268E+30   7.280123E+11      16.000000      52.000000       0.070000     100.000000     412.087644   1.120677E+07   9.586739E+02   0.000000E+00   2.651421E+18
            147   2.114108E+31   5.728344E+27   1.620547E+13   2.158815E+14       1.311100       0.762711   3.325867E+08   1.022347E+34   1.501497E+30   7.553583E+11      16.000000      52.000000       0.070000     100.000000     417.001881   1.079933E+07   9.613258E+02   0.000000E+00   2.722070E+18
            148   2.113535E+31   6.012467E+27   1.619528E+13   2.160420E+14       1.311249       0.762624   3.326803E+08   5.216580E+33   1.578481E+30   7.734589E+11      16.000000      52.000000       0.070000     100.000000     420.188321   1.054495E+07   9.630805E+02   0.000000E+00   2.756304E+18
            149   2.112934E+31   6.311625E+27   1.618484E+13   2.162066E+14       1.311402       0.762534   3.327216E+08   2.192520E+32   1.659411E+30   7.986120E+11      16.000000      52.000000       0.070000     100.000000     424.641978   1.020540E+07   9.640307E+02   0.000000E+00   2.787763E+18
            150   2.112303E+31   6.626022E+27   1.617422E+13   2.163742E+14       1.311557       0.762444   3.327103E+08  -4.729824E+33   1.744491E+30   8.282072E+11      16.000000      52.000000       0.070000     100.000000     429.838592   9.827834E+06   9.641422E+02   0.000000E+00   2.826472E+18
            151   2.111640E+31   6.955379E+27   1.616346E+13   2.165441E+14       1.311714       0.762352   3.326472E+08  -9.614603E+33   1.833933E+30   8.619776E+11      16.000000      52.000000       0.070000     100.000000     435.685772   9.423967E+06   9.634022E+02   0.000000E+00   2.869957E+18
            152   2.110944E+31   7.301668E+27   1.615261E+13   2.167153E+14       1.311870       0.762261   3.325361E+08  -1.442433E+34   1.927961E+30   9.321448E+11      15.878021      51.634063       0.075977     100.000000     440.870900   8.491059E+06   9.538217E+02   0.000000E+00   2.915079E+18
            153   2.110214E+31   7.679361E+27   1.614208E+13   2.168822E+14       1.312024       0.762171   3.323673E+08  -1.888577E+34   2.026809E+30   9.705144E+11      14.697951      48.093854       0.138495     100.000000     383.901883   6.285318E+06   8.391600E+02   0.000000E+00   2.744388E+18
            154   2.109446E+31   8.047365E+27   1.613144E+13   2.170511E+14       1.312180       0.762080   3.321484E+08  -2.229594E+34   2.130726E+30   1.007389E+12      14.000000      46.000000       0.180000     100.000000     351.506854   5.073540E+06   7.336932E+02   0.000000E+00   2.635349E+18
            155   2.108642E+31   8.421914E+27   1.612069E+13   2.172184E+14       1.312317       0.762000   3.319434E+08  -2.513031E+34   2.239971E+30   1.425115E+12      13.496126      44.488377       0.204917     100.000000     368.092894   3.029364E+06   6.253732E+02   0.000000E+00   2.741277E+18
            156   2.107799E+31   8.877463E+27   1.611272E+13   2.173444E+14       1.312430       0.761934   3.317451E+08  -2.687688E+34   2.354816E+30   1.594287E+12      12.055138      40.165414       0.286527     100.000000     303.858156   2.520810E+06   4.648074E+02   0.000000E+00   2.615794E+18
            157   2.106912E+31   9.332131E+27   1.610523E+13   2.174649E+14       1.312547       0.761865   3.315267E+08  -2.839225E+34   2.475550E+30   1.470258E+12      12.000000      40.000000       0.290000     100.000000     293.066887   2.670212E+06   4.602449E+02   0.000000E+00   2.617307E+18
            158   2.105978E+31   9.782025E+27   1.609669E+13   2.176018E+14       1.312676       0.761789   3.312720E+08  -3.006103E+34   2.602475E+30   1.432295E+12      12.768841      42.690942       0.305308     100.000000     325.565684   2.508186E+06   5.030634E+02   0.000000E+00   2.655443E+18
            159   2.105000E+31   1.027602E+28   1.608750E+13   2.177470E+14       1.312802       0.761716   3.310797E+08  -3.168458E+34   2.735906E+30   1.728179E+12      18.015419      52.596459       0.399422     100.000000     613.551287   1.577998E+06   7.921297E+02   0.000000E+00   3.472184E+18
            160   2.103973E+31   1.079349E+28   1.607949E+13   2.178741E+14       1.312914       0.761650   3.308958E+08  -3.274515E+34   2.876179E+30   1.970982E+12      18.276209      62.828628       0.441032     100.000000     597.014267   1.289102E+06   6.163697E+02   0.000000E+00   3.399124E+18
            161   2.102893E+31   1.133501E+28   1.607212E+13   2.179918E+14       1.313021       0.761587   3.307203E+08  -3.364907E+34   3.023644E+30   2.118935E+12      18.000000      62.000000       0.450000     100.000000     592.523821   1.251147E+06   5.874066E+02   0.000000E+00   3.481010E+18
            162   2.101760E+31   1.190216E+28   1.606491E+13   2.181068E+14       1.313125       0.761526   3.305456E+08  -3.456401E+34   3.178670E+30   2.286293E+12      17.636731      60.910194       0.458350     100.000000     584.855785   1.217584E+06   5.575446E+02   0.000000E+00   3.513374E+18
            163   2.100570E+31   1.249968E+28   1.605790E+13   2.182190E+14       1.313227       0.761466   3.303555E+08  -3.549283E+34   3.341643E+30   2.415775E+12      16.240436      56.721308       0.493430     100.000000     506.025251   1.231152E+06   4.580862E+02   0.000000E+00   3.307714E+18
            164   2.099320E+31   1.312864E+28   1.605092E+13   2.183309E+14       1.313330       0.761406   3.301588E+08  -3.647353E+34   3.512973E+30   2.501856E+12      16.000000      56.000000       0.500000     100.000000     496.734011   1.217543E+06   4.390227E+02   0.000000E+00   3.312217E+18
            165   2.098007E+31   1.379024E+28   1.604385E+13   2.184443E+14       1.313433       0.761345   3.299577E+08  -3.748555E+34   3.693087E+30   2.630705E+12      15.961092      55.883276       0.500870     100.000000     503.114616   1.188394E+06   4.337568E+02   0.000000E+00   3.359031E+18
            166   2.096628E+31   1.448545E+28   1.603679E+13   2.185575E+14       1.313535       0.761285   3.297422E+08  -3.851623E+34   3.882436E+30   2.834928E+12      14.956518      52.869555       0.524671     100.000000     455.264137   1.186097E+06   3.735541E+02   0.000000E+00   3.211618E+18
            167   2.095179E+31   1.519827E+28   1.602990E+13   2.186680E+14       1.313634       0.761226   3.295137E+08  -3.959007E+34   4.081493E+30   3.039723E+12      14.000000      50.000000       0.550000     100.000000     407.693291   1.184215E+06   3.168554E+02   0.000000E+00   3.068087E+18
            168   2.093659E+31   1.596651E+28   1.602316E+13   2.187765E+14       1.313733       0.761168   3.292848E+08  -4.070789E+34   4.290755E+30   3.167318E+12      14.000000      50.000000       0.550000     100.000000     413.607013   1.158419E+06   3.147039E+02   0.000000E+00   3.133889E+18
            169   2.092063E+31   1.677875E+28   1.601636E+13   2.188858E+14       1.313832       0.761110   3.290532E+08  -4.184899E+34   4.510747E+30   3.355042E+12      13.991194      49.973581       0.550233     100.000000     421.411095   1.122626E+06   3.117831E+02   0.000000E+00   3.191220E+18
            170   2.090385E+31   1.762189E+28   1.600962E+13   2.189942E+14       1.313929       0.761052   3.288063E+08  -4.300342E+34   4.742018E+30   3.640289E+12      13.115742      47.347225       0.574652     100.000000     381.783718   1.116876E+06   2.673226E+02   0.000000E+00   3.040272E+18
            171   2.088623E+31   1.850508E+28   1.600309E+13   2.190993E+14       1.314024       0.760996   3.285335E+08  -4.420196E+34   4.985146E+30   3.861325E+12      12.000000      44.000000       0.610000     100.000000     323.711185   1.135250E+06   2.125322E+02   0.000000E+00   2.800420E+18
            172   2.086772E+31   1.943316E+28   1.599662E+13   2.192037E+14       1.314119       0.760940   3.282565E+08  -4.547280E+34   5.240740E+30   3.994880E+12      12.000000      44.000000       0.610000     100.000000     327.677432   1.113777E+06   2.110214E+02   0.000000E+00   2.849009E+18
            173   2.084829E+31   2.040857E+28   1.599006E+13   2.193098E+14       1.314216       0.760883   3.279706E+08  -4.677272E+34   5.509439E+30   4.141719E+12      12.000000      44.000000       0.610000     100.000000     331.933122   1.090866E+06   2.094546E+02   0.000000E+00   2.885626E+18
            174   2.082788E+31   2.145015E+28   1.598341E+13   2.194172E+14       1.314313       0.760825   3.276792E+08  -4.809998E+34   5.791914E+30   4.361393E+12      12.007600      44.027866       0.610171     100.000000     338.365038   1.057468E+06   2.078231E+02   0.000000E+00   2.933549E+18
            175   2.080643E+31   2.253374E+28   1.597678E+13   2.195242E+14       1.314408       0.760769   3.274123E+08  -4.944207E+34   6.088871E+30   4.722556E+12      13.791566      50.569075       0.645074     100.000000     433.677983   8.494371E+05   2.354730E+02   0.000000E+00   3.222793E+18
            176   2.078390E+31   2.366210E+28   1.597034E+13   2.196281E+14       1.314500       0.760714   3.271891E+08  -5.056631E+34   6.401054E+30   5.160017E+12      18.000000      66.000000       0.700000     100.000000     644.784319   5.830241E+05   2.765334E+02   0.000000E+00   3.760706E+18
            177   2.076023E+31   2.484764E+28   1.596415E+13   2.197281E+14       1.314589       0.760661   3.269768E+08  -5.137099E+34   6.729244E+30   5.558039E+12      18.000000      66.000000       0.700000     100.000000     661.383236   5.584375E+05   2.738843E+02   0.000000E+00   3.884065E+18
            178   2.073539E+31   2.609830E+28   1.595811E+13   2.198258E+14       1.314676       0.760609   3.267668E+08  -5.217542E+34   7.074259E+30   5.846721E+12      17.821800      65.465399       0.702450     100.000000     660.176494   5.446048E+05   2.657631E+02   0.000000E+00   3.939061E+18
            179   2.070929E+31   2.741402E+28   1.595209E+13   2.199236E+14       1.314764       0.760556   3.265364E+08  -5.299471E+34   7.436964E+30   6.065004E+12      16.572536      61.717608       0.720816     100.000000     577.993228   5.548997E+05   2.222989E+02   0.000000E+00   3.698534E+18
            180   2.068187E+31   2.879374E+28   1.594598E+13   2.200227E+14       1.314853       0.760503   3.262917E+08  -5.386713E+34   7.818266E+30   6.293044E+12      16.000000      60.000000       0.730000     100.000000     543.981172   5.526116E+05   2.018396E+02   0.000000E+00   3.602334E+18
            181   2.065308E+31   3.024370E+28   1.593980E+13   2.201230E+14       1.314943       0.760449   3.260436E+08  -5.477403E+34   8.219117E+30   6.548715E+12      16.000000      60.000000       0.730000     100.000000     551.669915   5.394509E+05   2.003244E+02   0.000000E+00   3.655579E+18
            182   2.062284E+31   3.176380E+28   1.593357E+13   2.202243E+14       1.315033       0.760394   3.257940E+08  -5.569744E+34   8.640520E+30   6.869947E+12      16.000000      60.000000       0.730000     100.000000     560.976037   5.235984E+05   1.986841E+02   0.000000E+00   3.717699E+18
            183   2.059107E+31   3.336132E+28   1.592732E+13   2.203258E+14       1.315124       0.760340   3.255391E+08  -5.663202E+34   9.083529E+30   7.201568E+12      15.733878      59.201635       0.733641     100.000000     552.037281   5.138613E+05   1.898814E+02   0.000000E+00   3.715865E+18
            184   2.055771E+31   3.503983E+28   1.592106E+13   2.204276E+14       1.315214       0.760285   3.252535E+08  -5.758840E+34   9.549251E+30   7.541525E+12      14.402038      55.206113       0.753446     100.000000     469.266555   5.280404E+05   1.527481E+02   0.000000E+00   3.413209E+18
            185   2.052267E+31   3.680308E+28   1.591479E+13   2.205298E+14       1.315305       0.760230   3.249556E+08  -5.861310E+34   1.003885E+31   7.889487E+12      14.000000      54.000000       0.760000     100.000000     449.068777   5.220069E+05   1.408436E+02   0.000000E+00   3.355522E+18
            186   2.048587E+31   3.865505E+28   1.590848E+13   2.206324E+14       1.315396       0.760175   3.246559E+08  -5.966796E+34   1.055355E+31   8.245206E+12      14.000000      54.000000       0.760000     100.000000     456.139754   5.077148E+05   1.396215E+02   0.000000E+00   3.412088E+18
            187   2.044721E+31   4.060003E+28   1.590215E+13   2.207357E+14       1.315488       0.760120   3.243537E+08  -6.073573E+34   1.109465E+31   8.608517E+12      14.000000      54.000000       0.760000     100.000000     463.174431   4.936750E+05   1.384063E+02   0.000000E+00   3.468227E+18
            188   2.040661E+31   4.264256E+28   1.589577E+13   2.208396E+14       1.315580       0.760064   3.240488E+08  -6.181594E+34   1.166348E+31   8.979349E+12      14.000000      54.000000       0.760000     100.000000     470.173929   4.799110E+05   1.371969E+02   0.000000E+00   3.523924E+18
            189   2.036397E+31   4.478744E+28   1.588935E+13   2.209444E+14       1.315672       0.760008   3.237215E+08  -6.290809E+34   1.226148E+31   9.357725E+12      13.401961      52.205884       0.770997     100.000000     436.502864   4.810047E+05   1.221764E+02   0.000000E+00   3.383821E+18
            190   2.031918E+31   4.703977E+28   1.588288E+13   2.210500E+14       1.315765       0.759951   3.233327E+08  -6.404600E+34   1.289014E+31   9.743765E+12      12.000000      48.000000       0.800000     100.000000     348.185071   4.981409E+05   8.934954E+01   0.000000E+00   2.956400E+18
            191   2.027214E+31   4.940492E+28   1.587635E+13   2.211567E+14       1.315859       0.759893   3.229381E+08  -6.526894E+34   1.355103E+31   1.013768E+13      12.000000      48.000000       0.800000     100.000000     353.246487   4.860777E+05   8.846336E+01   0.000000E+00   2.999057E+18
            192   2.022274E+31   5.188855E+28   1.586976E+13   2.212645E+14       1.315954       0.759835   3.225372E+08  -6.650533E+34   1.424581E+31   1.053979E+13      12.000000      48.000000       0.800000     100.000000     358.301321   4.741732E+05   8.757618E+01   0.000000E+00   3.041379E+18
            193   2.017085E+31   5.449658E+28   1.586310E+13   2.213734E+14       1.316049       0.759777   3.221296E+08  -6.775410E+34   1.497621E+31   1.095049E+13      12.000000      48.000000       0.800000     100.000000     363.355186   4.624300E+05   8.668721E+01   0.000000E+00   3.083401E+18
            194   2.011635E+31   5.723524E+28   1.585637E+13   2.214836E+14       1.316146       0.759717   3.217332E+08  -6.901409E+34   1.574405E+31   1.137024E+13      12.675424      50.701696       0.800000     100.000000     411.842989   4.282329E+05   9.580779E+01   0.000000E+00   3.260638E+18
            195   2.005912E+31   6.011111E+28   1.584956E+13   2.215952E+14       1.316243       0.759657   3.214318E+08  -7.022083E+34   1.655127E+31   1.179963E+13      18.500403      74.001612       0.800000     100.000000     797.087654   2.933824E+05   1.625108E+02   0.000000E+00   4.333867E+18
            196   1.999901E+31   6.313099E+28   1.584267E+13   2.217082E+14       1.316342       0.759596   3.211604E+08  -7.107620E+34   1.739987E+31   1.223927E+13      22.000000      88.000000       0.800000     100.000000    1038.683236   2.435699E+05   1.928775E+02   0.000000E+00   4.887224E+18
            197   1.993588E+31   6.630212E+28   1.583569E+13   2.218227E+14       1.316441       0.759534   3.208863E+08  -7.181167E+34   1.829198E+31   1.268987E+13      22.000000      88.000000       0.800000     100.000000    1052.174298   2.369461E+05   1.911890E+02   0.000000E+00   4.956124E+18
            198   1.986957E+31   6.963199E+28   1.582862E+13   2.219388E+14       1.316542       0.759472   3.206095E+08  -7.255411E+34   1.922983E+31   1.315217E+13      22.000000      88.000000       0.800000     100.000000    1065.718682   2.304271E+05   1.895017E+02   0.000000E+00   5.025212E+18
            199   1.979994E+31   7.312850E+28   1.582145E+13   2.220565E+14       1.316644       0.759408   3.203298E+08  -7.330303E+34   2.021576E+31   1.362697E+13      22.000000      88.000000       0.800000     100.000000    1079.333704   2.240178E+05   1.878143E+02   0.000000E+00   5.094587E+18
            200   1.972681E+31   7.679989E+28   1.581418E+13   2.221760E+14       1.316747       0.759344   3.200469E+08  -7.405793E+34   2.125225E+31   1.411513E+13      22.000000      88.000000       0.800000     100.000000    1093.036237   2.177225E+05   1.861255E+02   0.000000E+00   5.164347E+18
            201   1.965001E+31   8.065485E+28   1.580682E+13   2.222971E+14       1.316851       0.759278   3.197609E+08  -7.481830E+34   2.234188E+31   1.461753E+13      22.000000      88.000000       0.800000     100.000000    1106.842869   2.115455E+05   1.844345E+02   0.000000E+00   5.234588E+18
            202   1.956936E+31   8.470240E+28   1.579934E+13   2.224201E+14       1.316957       0.759212   3.194715E+08  -7.558359E+34   2.348737E+31   1.513509E+13      22.000000      88.000000       0.800000     100.000000    1120.768968   2.054907E+05   1.827402E+02   0.000000E+00   5.305405E+18
            203   1.948466E+31   8.895202E+28   1.579176E+13   2.225450E+14       1.317064       0.759145   3.191787E+08  -7.635325E+34   2.469159E+31   1.566872E+13      22.000000      88.000000       0.800000     100.000000    1134.829322   1.995618E+05   1.810419E+02   0.000000E+00   5.376886E+18
            204   1.939570E+31   9.341365E+28   1.578407E+13   2.226717E+14       1.317172       0.759076   3.188824E+08  -7.712671E+34   2.595756E+31   1.621940E+13      22.000000      88.000000       0.800000     100.000000    1149.037709   1.937623E+05   1.793389E+02   0.000000E+00   5.449118E+18
            205   1.930229E+31   9.809776E+28   1.577627E+13   2.228004E+14       1.317282       0.759007   3.185826E+08  -7.790340E+34   2.728843E+31   1.678811E+13      22.000000      88.000000       0.800000     100.000000    1163.407170   1.880950E+05   1.776309E+02   0.000000E+00   5.522182E+18
            206   1.920419E+31   1.030152E+29   1.576835E+13   2.229311E+14       1.317393       0.758936   3.182792E+08  -7.868273E+34   2.868754E+31   1.737579E+13      22.000000      88.000000       0.800000     100.000000    1177.949047   1.825627E+05   1.759173E+02   0.000000E+00   5.596153E+18
            207   1.910118E+31   1.081774E+29   1.576031E+13   2.230637E+14       1.317505       0.758864   3.179722E+08  -7.946411E+34   3.015838E+31   1.798346E+13      22.000000      88.000000       0.800000     100.000000    1192.674162   1.771675E+05   1.741980E+02   0.000000E+00   5.671101E+18
            208   1.899300E+31   1.135964E+29   1.575216E+13   2.231985E+14       1.317619       0.758791   3.176616E+08  -8.024695E+34   3.170463E+31   1.861208E+13      22.000000      88.000000       0.800000     100.000000    1207.591916   1.719108E+05   1.724728E+02   0.000000E+00   5.747089E+18
            209   1.887940E+31   1.192848E+29   1.574388E+13   2.233353E+14       1.317734       0.758717   3.173472E+08  -8.103062E+34   3.333016E+31   1.926262E+13      22.000000      88.000000       0.800000     100.000000    1222.710571   1.667933E+05   1.707417E+02   0.000000E+00   5.824175E+18
            210   1.876012E+31   1.252557E+29   1.573548E+13   2.234742E+14       1.317850       0.758642   3.170293E+08  -8.181453E+34   3.503904E+31   1.993605E+13      22.000000      88.000000       0.800000     100.000000    1238.037017   1.618153E+05   1.690046E+02   0.000000E+00   5.902409E+18
            211   1.863486E+31   1.315230E+29   1.572696E+13   2.236153E+14       1.317968       0.758566   3.167076E+08  -8.259805E+34   3.683552E+31   2.063333E+13      22.000000      88.000000       0.800000     100.000000    1253.577390   1.569760E+05   1.672619E+02   0.000000E+00   5.981835E+18
            212   1.850334E+31   1.381012E+29   1.571831E+13   2.237585E+14       1.318087       0.758489   3.163824E+08  -8.338057E+34   3.872412E+31   2.135538E+13      22.000000      88.000000       0.800000     100.000000    1269.336466   1.522737E+05   1.655137E+02   0.000000E+00   6.062492E+18
            213   1.836524E+31   1.450055E+29   1.570954E+13   2.239039E+14       1.318207       0.758410   3.160535E+08  -8.416144E+34   4.070955E+31   2.210311E+13      22.000000      88.000000       0.800000     100.000000    1285.317764   1.477064E+05   1.637604E+02   0.000000E+00   6.144408E+18
            214   1.822023E+31   1.522519E+29   1.570063E+13   2.240516E+14       1.318329       0.758330   3.157210E+08  -8.494002E+34   4.279677E+31   2.287743E+13      22.000000      88.000000       0.800000     100.000000    1301.524214   1.432709E+05   1.620022E+02   0.000000E+00   6.227608E+18
            215   1.806798E+31   1.598571E+29   1.569160E+13   2.242015E+14       1.318452       0.758249   3.153849E+08  -8.571564E+34   4.499101E+31   2.367917E+13      22.000000      88.000000       0.800000     100.000000    1317.956913   1.389638E+05   1.602397E+02   0.000000E+00   6.312107E+18
            216   1.790812E+31   1.678388E+29   1.568243E+13   2.243537E+14       1.318576       0.758166   3.150452E+08  -8.648763E+34   4.729775E+31   2.450918E+13      22.000000      88.000000       0.800000     100.000000    1334.617073   1.347808E+05   1.584733E+02   0.000000E+00   6.397916E+18
            217   1.774029E+31   1.762153E+29   1.567314E+13   2.245082E+14       1.318702       0.758083   3.147020E+08  -8.725527E+34   4.972276E+31   2.536825E+13      22.000000      88.000000       0.800000     100.000000    1351.503781   1.307176E+05   1.567035E+02   0.000000E+00   6.485037E+18
            218   1.756407E+31   1.850060E+29   1.566370E+13   2.246650E+14       1.318829       0.757998   3.143552E+08  -8.801786E+34   5.227210E+31   2.625714E+13      22.000000      88.000000       0.800000     100.000000    1368.616173   1.267694E+05   1.549309E+02   0.000000E+00   6.573466E+18
            219   1.737906E+31   1.942313E+29   1.565413E+13   2.248243E+14       1.318957       0.757911   3.140050E+08  -8.877463E+34   5.495215E+31   2.717658E+13      22.000000      88.000000       0.800000     100.000000    1385.952319   1.229315E+05   1.531561E+02   0.000000E+00   6.663194E+18
            220   1.718483E+31   2.039124E+29   1.564442E+13   2.249859E+14       1.319086       0.757824   3.136512E+08  -8.952480E+34   5.776960E+31   2.812726E+13      22.000000      88.000000       0.800000     100.000000    1403.509606   1.191991E+05   1.513796E+02   0.000000E+00   6.754204E+18
            221   1.698092E+31   2.140715E+29   1.563456E+13   2.251500E+14       1.319217       0.757735   3.132940E+08  -9.026758E+34   6.073151E+31   2.910984E+13      22.000000      88.000000       0.800000     100.000000    1421.284759   1.155677E+05   1.496020E+02   0.000000E+00   6.846474E+18
            222   1.676685E+31   2.247323E+29   1.562457E+13   2.253166E+14       1.319349       0.757644   3.129333E+08  -9.100213E+34   6.384528E+31   3.012496E+13      22.000000      88.000000       0.800000     100.000000    1439.274324   1.120330E+05   1.478240E+02   0.000000E+00   6.939979E+18
            223   1.654212E+31   2.359192E+29   1.561442E+13   2.254857E+14       1.319482       0.757552   3.125692E+08  -9.172759E+34   6.711870E+31   3.117319E+13      22.000000      88.000000       0.800000     100.000000    1457.474043   1.085912E+05   1.460461E+02   0.000000E+00   7.034686E+18
            224   1.630620E+31   2.476580E+29   1.560413E+13   2.256574E+14       1.319616       0.757459   3.122016E+08  -9.244308E+34   7.055995E+31   3.225512E+13      22.000000      88.000000       0.800000     100.000000    1475.880023   1.052389E+05   1.442690E+02   0.000000E+00   7.130561E+18
            225   1.605854E+31   2.599756E+29   1.559369E+13   2.258317E+14       1.319752       0.757364   3.118305E+08  -9.314769E+34   7.417764E+31   3.337128E+13      22.000000      88.000000       0.800000     100.000000    1494.487605   1.019731E+05   1.424931E+02   0.000000E+00   7.227566E+18
            226   1.579856E+31   2.729003E+29   1.558309E+13   2.260088E+14       1.319889       0.757268   3.114559E+08  -9.384052E+34   7.798081E+31   3.452223E+13      22.000000      88.000000       0.800000     100.000000    1513.292892   9.879126E+04   1.407191E+02   0.000000E+00   7.325660E+18
            227   1.552566E+31   2.864617E+29   1.557233E+13   2.261885E+14       1.320027       0.757170   3.110778E+08  -9.452061E+34   8.197897E+31   3.570851E+13      22.000000      88.000000       0.800000     100.000000    1532.291679   9.569127E+04   1.389474E+02   0.000000E+00   7.424802E+18
            228   1.523920E+31   3.006909E+29   1.556141E+13   2.263711E+14       1.320166       0.757071   3.106963E+08  -9.518702E+34   8.618212E+31   3.693067E+13      22.000000      88.000000       0.800000     100.000000    1551.480397   9.267140E+04   1.371785E+02   0.000000E+00   7.524951E+18
            229   1.493851E+31   3.156203E+29   1.555032E+13   2.265566E+14       1.320306       0.756969   3.103112E+08  -9.583878E+34   9.060077E+31   3.818928E+13      22.000000      88.000000       0.800000     100.000000    1570.855941   8.973023E+04   1.354129E+02   0.000000E+00   7.626065E+18
            230   1.462289E+31   3.312838E+29   1.553907E+13   2.267450E+14       1.320447       0.756867   3.099225E+08  -9.647493E+34   9.524597E+31   3.948497E+13      22.000000      88.000000       0.800000     100.000000    1590.416023   8.686654E+04   1.336509E+02   0.000000E+00   7.728107E+18
            231   1.429161E+31   3.477171E+29   1.552764E+13   2.269363E+14       1.320590       0.756762   3.095303E+08  -9.709451E+34   1.001293E+32   4.081841E+13      22.000000      88.000000       0.800000     100.000000    1610.159223   8.407928E+04   1.318930E+02   0.000000E+00   7.831042E+18
            232   1.394389E+31   3.649574E+29   1.551603E+13   2.271308E+14       1.320733       0.756656   3.091344E+08  -9.769652E+34   1.052631E+32   4.219036E+13      22.000000      88.000000       0.800000     100.000000    1630.085229   8.136747E+04   1.301393E+02   0.000000E+00   7.934839E+18
            233   1.357893E+31   3.830435E+29   1.550424E+13   2.273285E+14       1.320878       0.756548   3.087350E+08  -9.827999E+34   1.106600E+32   4.360171E+13      22.000000      88.000000       0.800000     100.000000    1650.195018   7.873013E+04   1.283902E+02   0.000000E+00   8.039474E+18
            234   1.319589E+31   4.020162E+29   1.549226E+13   2.275293E+14       1.321024       0.756438   3.083318E+08  -9.884394E+34   1.163337E+32   4.505343E+13      22.000000      88.000000       0.800000     100.000000    1670.491089   7.616624E+04   1.266459E+02   0.000000E+00   8.144931E+18
            235   1.279387E+31   4.219178E+29   1.548009E+13   2.277335E+14       1.321171       0.756326   3.079251E+08  -9.938738E+34   1.222982E+32   4.654670E+13      22.000000      88.000000       0.800000     100.000000    1690.977603   7.367471E+04   1.249064E+02   0.000000E+00   8.251203E+18
            236   1.237196E+31   4.427928E+29   1.546772E+13   2.279411E+14       1.321319       0.756213   3.075146E+08  -9.990932E+34   1.285686E+32   4.808288E+13      22.000000      88.000000       0.800000     100.000000    1711.660596   7.125429E+04   1.231719E+02   0.000000E+00   8.358292E+18
            237   1.192916E+31   4.646876E+29   1.545516E+13   2.281521E+14       1.321467       0.756097   3.071005E+08  -1.004088E+35   1.351605E+32   4.966355E+13      22.000000      88.000000       0.800000     100.000000    1732.548177   6.890359E+04   1.214424E+02   0.000000E+00   8.466215E+18
            238   1.146447E+31   4.876505E+29   1.544239E+13   2.283667E+14       1.321617       0.755979   3.066827E+08  -1.008847E+35   1.420903E+32   5.129055E+13      22.000000      88.000000       0.800000     100.000000    1753.650725   6.662103E+04   1.197179E+02   0.000000E+00   8.574999E+18
            239   1.097682E+31   5.117320E+29   1.542940E+13   2.285849E+14       1.321768       0.755859   3.062613E+08  -1.013361E+35   1.493754E+32   5.296606E+13      22.000000      88.000000       0.800000     100.000000    1774.981064   6.440488E+04   1.179982E+02   0.000000E+00   8.684688E+18
            240   1.046509E+31   5.369883E+29   1.541621E+13   2.288068E+14       1.321919       0.755737   3.058362E+08  -1.017620E+35   1.570341E+32   5.468631E+13      22.000000      88.000000       0.800000     100.000000    1796.486113   6.226018E+04   1.162859E+02   0.000000E+00   8.795126E+18
            241   9.928104E+30   5.634773E+29   1.540279E+13   2.290325E+14       1.322072       0.755613   3.054075E+08  -1.021614E+35   1.650854E+32   5.644830E+13      22.000000      88.000000       0.800000     100.000000    1818.125555   6.018977E+04   1.145826E+02   0.000000E+00   8.905984E+18
            242   9.364626E+30   5.912555E+29   1.538915E+13   2.292621E+14       1.322225       0.755487   3.049750E+08  -1.025333E+35   1.735495E+32   5.825667E+13      22.000000      88.000000       0.800000     100.000000    1839.942142   5.818799E+04   1.128869E+02   0.000000E+00   9.017229E+18
            243   8.773371E+30   6.203842E+29   1.537527E+13   2.294957E+14       1.322379       0.755358   3.045389E+08  -1.028766E+35   1.824475E+32   6.011196E+13      22.000000      88.000000       0.800000     100.000000    1861.933484   5.625384E+04   1.111992E+02   0.000000E+00   9.128955E+18
            244   8.152987E+30   6.509277E+29   1.536116E+13   2.297334E+14       1.322534       0.755227   3.040989E+08  -1.031903E+35   1.918018E+32   6.201468E+13      22.000000      88.000000       0.800000     100.000000    1884.096834   5.438618E+04   1.095198E+02   0.000000E+00   9.241110E+18
            245   7.502059E+30   6.829532E+29   1.534680E+13   2.299754E+14       1.322689       0.755093   3.036552E+08  -1.034734E+35   2.016357E+32   6.396532E+13      22.000000      88.000000       0.800000     100.000000    1906.429250   5.258379E+04   1.078491E+02   0.000000E+00   9.353640E+18
            246   6.819106E+30   7.165310E+29   1.533219E+13   2.302217E+14       1.322845       0.754957   3.032077E+08  -1.037246E+35   2.119738E+32   6.596430E+13      22.000000      88.000000       0.800000     100.000000    1928.927712   5.084530E+04   1.061875E+02   0.000000E+00   9.466491E+18
            247   6.102575E+30   7.517344E+29   1.531732E+13   2.304724E+14       1.323001       0.754818   3.027565E+08  -1.039429E+35   2.228419E+32   6.801203E+13      22.000000      88.000000       0.800000     100.000000    1951.589203   4.916926E+04   1.045353E+02   0.000000E+00   9.579606E+18
            248   5.350840E+30   7.886403E+29   1.530218E+13   2.307278E+14       1.323158       0.754676   3.023014E+08  -1.041269E+35   2.342673E+32   7.010890E+13      22.000000      88.000000       0.800000     100.000000    1974.410755   4.755414E+04   1.028928E+02   0.000000E+00   9.692931E+18
            249   4.562200E+30   8.273289E+29   1.528676E+13   2.309879E+14       1.323315       0.754532   3.018425E+08  -1.042754E+35   2.462784E+32   7.225527E+13      22.000000      88.000000       0.800000     100.000000    1997.389462   4.599834E+04   1.012604E+02   0.000000E+00   9.806411E+18
            250   3.734871E+30   8.678841E+29   1.527107E+13   2.312528E+14       1.323473       0.754385   3.013797E+08  -1.043871E+35   2.589054E+32   7.445149E+13      22.000000      88.000000       0.800000     100.000000    2020.522450   4.450019E+04   9.963852E+01   0.000000E+00   9.919992E+18
            251   2.866987E+30   9.103935E+29   1.525509E+13   2.315227E+14       1.323631       0.754235   3.009132E+08  -1.044604E+35   2.721798E+32   7.669788E+13      22.000000      88.000000       0.800000     100.000000    2043.806821   4.305802E+04   9.802738E+01   0.000000E+00   1.003362E+19
            252   1.956594E+30   9.549486E+29   1.523880E+13   2.317977E+14       1.323789       0.754081   3.004428E+08  -1.044939E+35   2.861347E+32   7.899470E+13      22.000000      88.000000       0.800000     100.000000    2067.239486   4.167010E+04   9.642737E+01   0.000000E+00   1.014724E+19
            253   1.001645E+30   1.001645E+30   1.522221E+13   2.320781E+14       1.323947       0.753925   2.999686E+08  -1.044859E+35   3.008052E+32   8.134216E+13      22.000000      88.000000       0.800000     100.000000    2090.817195   4.033472E+04   9.483883E+01   0.000000E+00   1.026081E+19
